           0    0.064633           0           0
           1    0.129266           0           0
           2    0.193899           0           0
           3    0.258532           0           0
           4    0.323165           0           0
           5    0.387798           0           0
           6    0.452431           0           0
           7    0.517064           0           0
           8    0.581697           0           0
           9     0.64633           0           0
          10    0.710963           0           0
          11    0.775596           0           0
          12     0.84023           0           0
          13    0.904863 0.000467086 0.000203532
          14    0.969496    0.125996   0.0028964
          15     1.03413    0.929648  0.00911837
          16     1.09876     1.80395   0.0158842
          17     1.16339     2.00869   0.0146335
          18     1.22803     1.84508   0.0137206
          19     1.29266     1.64423   0.0127635
          20     1.35729     1.44776   0.0109137
          21     1.42193     1.32906  0.00937466
          22     1.48656     1.21078  0.00796585
          23     1.55119     1.14803  0.00720269
          24     1.61583     1.09225  0.00774328
          25     1.68046     1.04605  0.00724706
          26     1.74509     1.02327  0.00523873
          27     1.80973     1.00114  0.00630177
          28     1.87436      1.0116  0.00592414
          29     1.93899    0.990898  0.00592765
          30     2.00362     0.98114  0.00557062
          31     2.06826     0.99118  0.00476233
          32     2.13289     0.99054  0.00500395
          33     2.19752    0.981044   0.0051196
          34     2.26216    0.985106  0.00430867
          35     2.32679    0.979955  0.00528655
          36     2.39142    0.979876   0.0042069
          37     2.45606       0.975  0.00456161
          38     2.52069    0.971867  0.00451002
          39     2.58532     0.96813  0.00397405
          40     2.64995     0.95952  0.00449577
          41     2.71459    0.958416  0.00363965
          42     2.77922    0.962935  0.00438329
          43     2.84385    0.963741  0.00414159
          44     2.90849     0.96245  0.00376948
          45     2.97312    0.957449  0.00295775
          46     3.03775    0.957092  0.00333512
          47     3.10239    0.956029  0.00349641
          48     3.16702    0.952007  0.00314036
          49     3.23165    0.954694  0.00302023
          50     3.29629    0.957308  0.00325143
          51     3.36092    0.960775  0.00373805
          52     3.42555    0.956169  0.00259976
          53     3.49018    0.958778  0.00290878
          54     3.55482    0.958443  0.00358965
          55     3.61945    0.953342  0.00293187
          56     3.68408    0.957874  0.00313599
          57     3.74872    0.954685  0.00300516
          58     3.81335    0.954962  0.00283782
          59     3.87798    0.958485  0.00240132
          60     3.94262    0.953927   0.0027184
          61     4.00725     0.95655   0.0025064
          62     4.07188    0.955938  0.00238674
          63     4.13651    0.956074  0.00265711
          64     4.20115    0.956493  0.00211751
          65     4.26578    0.956577  0.00191824
          66     4.33041    0.958471   0.0025201
          67     4.39505    0.956595   0.0023672
          68     4.45968    0.960323  0.00216266
          69     4.52431    0.962619  0.00211256
          70     4.58895    0.958526   0.0018611
          71     4.65358    0.961494   0.0024252
          72     4.71821    0.958746  0.00190623
          73     4.78285    0.963052  0.00176641
          74     4.84748    0.963855  0.00191384
          75     4.91211    0.959322  0.00193103
          76     4.97674    0.959688  0.00187258
          77     5.04138    0.961291  0.00196761
          78     5.10601    0.961754  0.00191288
          79     5.17064    0.961357  0.00164999
          80     5.23528     0.96451  0.00191322
          81     5.29991    0.963292  0.00196365
          82     5.36454     0.96289  0.00168611
          83     5.42918    0.963369  0.00198655
          84     5.49381    0.964313  0.00162139
          85     5.55844    0.964488  0.00165648
          86     5.62307    0.964847  0.00150955
          87     5.68771    0.961666  0.00134758
          88     5.75234    0.964755   0.0018841
          89     5.81697    0.963536  0.00204172
          90     5.88161    0.966333  0.00138124
          91     5.94624    0.968105    0.001339
          92     6.01087    0.963527  0.00152884
          93     6.07551    0.964676  0.00145155
          94     6.14014    0.967264  0.00141806
          95     6.20477    0.963434  0.00152156
          96      6.2694    0.967116  0.00129891
          97     6.33404    0.966215   0.0014927
          98     6.39867    0.968394  0.00137929
          99      6.4633     0.96669  0.00166792
