           1   0.0504317   0.0504317           0
           2   0.0486806   0.0495561 0.000619117
           3    0.050083   0.0497318 0.000436941
           4   0.0494994   0.0496737 0.000331546
           5   0.0483892   0.0494168 0.000350924
           6   0.0485335   0.0492695 0.000321839
           7   0.0487689    0.049198 0.000283697
           8   0.0493458   0.0492165 0.000248835
           9   0.0486998   0.0491591 0.000227714
          10   0.0470382    0.048947 0.000287205
          11   0.0501148   0.0490532 0.000280031
          12   0.0491025   0.0490573 0.000256725
          13   0.0500961   0.0491372 0.000249102
          14   0.0478908   0.0490482 0.000246707
          15   0.0502181   0.0491261 0.000242275
          16   0.0483428   0.0490772 0.000232027
          17   0.0482072    0.049026 0.000223951
          18   0.0503592   0.0491001 0.000223423
          19   0.0490201   0.0490959 0.000211703
          20   0.0501109   0.0491466 0.000207112
          21   0.0486223   0.0491217 0.000198749
          22   0.0493229   0.0491308 0.000189925
          23   0.0491058   0.0491297 0.000181671
          24    0.048753    0.049114 0.000174778
          25   0.0484334   0.0490868 0.000169894
          26   0.0486033   0.0490682 0.000164374
          27   0.0491582   0.0490715  0.00015832
          28   0.0490539   0.0490709 0.000152667
          29   0.0487556     0.04906 0.000147789
          30   0.0502631   0.0491001 0.000148204
          31   0.0477376   0.0490562 0.000149799
          32   0.0487711   0.0490473 0.000145383
          33   0.0488117   0.0490401 0.000141152
          34    0.050071   0.0490705 0.000140219
          35   0.0488259   0.0490635 0.000136387
          36   0.0494135   0.0490732 0.000132944
          37   0.0489686   0.0490704 0.000129381
          38   0.0483115   0.0490504 0.000127509
          39    0.047913   0.0490212 0.000127531
          40   0.0492157   0.0490261 0.000124435
          41   0.0498994   0.0490474  0.00012321
          42   0.0483079   0.0490298 0.000121528
          43   0.0496893   0.0490451 0.000119666
          44   0.0482994   0.0490282  0.00011814
          45    0.048633   0.0490194  0.00011584
          46    0.050528   0.0490522 0.000117873
          47   0.0483611   0.0490375 0.000116279
          48   0.0496282   0.0490498 0.000114506
          49    0.048943   0.0490476  0.00011219
          50   0.0491553   0.0490498 0.000109967
