           1   -0.392604   -0.392604           0
           2   -0.394324   -0.393464 0.000608253
           3   -0.414641   -0.400523  0.00577801
           4   -0.419274   -0.405211  0.00593807
           5   -0.391494   -0.402467  0.00534675
           6   -0.428082   -0.406736  0.00591953
           7   -0.420413    -0.40869  0.00538665
           8   -0.408995   -0.408728  0.00471345
           9   -0.407414   -0.408582    0.004192
          10   -0.408889   -0.408613  0.00377291
          11   -0.407838   -0.408543  0.00343058
          12   -0.399894   -0.407822  0.00321951
          13   -0.399231   -0.407161  0.00303892
          14   -0.424188   -0.408377  0.00305557
          15   -0.411432   -0.408581  0.00285864
          16   -0.417858   -0.409161  0.00273814
          17   -0.394902   -0.408322  0.00270248
          18    -0.38944   -0.407273   0.0027484
          19   -0.399331   -0.406855  0.00263534
          20   -0.420482   -0.407536  0.00259016
          21   -0.426122   -0.408421  0.00261365
          22    -0.40412   -0.408226  0.00250215
          23   -0.411364   -0.408362  0.00239708
          24   -0.411151   -0.408478  0.00230002
          25    -0.42217   -0.409026  0.00227228
          26    -0.40249   -0.408775  0.00219875
          27    -0.41691   -0.409076  0.00213786
          28    -0.43073   -0.409849  0.00219693
          29   -0.409171   -0.409826   0.0021213
          30   -0.402035   -0.409566  0.00206642
          31   -0.427601   -0.410148  0.00208004
          32   -0.424675   -0.410602  0.00206399
          33   -0.410225   -0.410591  0.00200147
          34   -0.409322   -0.410553  0.00194295
          35   -0.412875    -0.41062  0.00188857
          36   -0.395048   -0.410187  0.00188499
          37   -0.430874   -0.410746  0.00191517
          38   -0.422168   -0.411047  0.00188821
          39   -0.408081   -0.410971  0.00184132
          40   -0.408909   -0.410919  0.00179601
          41   -0.397902   -0.410602  0.00178005
          42   -0.417776   -0.410772  0.00174584
          43    -0.42328   -0.411063   0.0017293
          44   -0.425643   -0.411395  0.00172145
          45   -0.398734   -0.411113  0.00170603
          46   -0.399373   -0.410858  0.00168793
          47    -0.41699   -0.410989  0.00165705
          48   -0.403888   -0.410841  0.00162912
          49   -0.412931   -0.410883  0.00159643
          50   -0.409568   -0.410857  0.00156472
