           1   0.0500075   0.0500075           0
           2   0.0477638   0.0488856 0.000793283
           3   0.0520783   0.0499498  0.00101721
           4   0.0492249   0.0497686 0.000778886
           5   0.0471518   0.0492452 0.000779351
           6   0.0488876   0.0491856 0.000651735
           7   0.0502845   0.0493426 0.000577226
           8   0.0497101   0.0493886 0.000506897
           9   0.0472298   0.0491487 0.000504143
          10    0.047788   0.0490126 0.000471734
          11     0.04798   0.0489188  0.00043809
          12   0.0484984   0.0488837  0.00040298
          13   0.0528142   0.0491861 0.000471964
          14   0.0489688   0.0491705 0.000438507
          15   0.0521352   0.0493682 0.000451622
          16   0.0515288   0.0495032 0.000443125
          17   0.0484563   0.0494416 0.000421317
          18   0.0491234    0.049424 0.000398281
          19   0.0517883   0.0495484 0.000396283
          20   0.0506691   0.0496044 0.000380409
          21   0.0510653    0.049674   0.0003686
          22   0.0490834   0.0496472 0.000352822
          23   0.0547097   0.0498673 0.000400296
          24   0.0504069   0.0498897 0.000384247
          25   0.0503559   0.0499084  0.00036933
          26   0.0507211   0.0499397 0.000356445
          27   0.0528944   0.0500491 0.000359651
          28   0.0491898   0.0500184 0.000348113
          29   0.0468115   0.0499078 0.000353236
          30    0.050974   0.0499434 0.000343245
          31   0.0504193   0.0499587 0.000332516
          32   0.0468743   0.0498623 0.000335804
          33   0.0494492   0.0498498 0.000325862
          34   0.0519464   0.0499115 0.000322059
          35   0.0468069   0.0498228 0.000324843
          36   0.0487723   0.0497936 0.000317128
          37      0.0492   0.0497775 0.000308962
          38   0.0463778   0.0496881 0.000313517
          39   0.0478109   0.0496399 0.000309151
          40   0.0516772   0.0496909 0.000305589
          41   0.0483969   0.0496593 0.000299761
          42   0.0460288   0.0495729 0.000304833
          43   0.0501853   0.0495871 0.000298076
          44   0.0518353   0.0496382 0.000295649
          45   0.0496632   0.0496388 0.000289079
          46   0.0463309   0.0495669 0.000291602
          47   0.0507178   0.0495913 0.000286424
          48   0.0490219   0.0495795 0.000280702
          49   0.0507118   0.0496026 0.000275923
          50   0.0511112   0.0496328 0.000272049
