           1    0.302039    0.302039           0
           2    0.274618    0.288329  0.00969459
           3    0.299848    0.292168   0.0071833
           4    0.280046    0.289138   0.0059928
           5    0.278343    0.286979  0.00516851
           6    0.269537    0.284072  0.00505893
           7     0.27128    0.282244   0.0046546
           8    0.287726     0.28293   0.0041229
           9    0.301306    0.284971  0.00413964
          10    0.300623    0.286537  0.00401067
          11    0.306349    0.288338  0.00403025
          12    0.293506    0.288768  0.00371733
          13    0.283616    0.288372  0.00345244
          14    0.300728    0.289255  0.00331674
          15    0.305651    0.290348   0.0032708
          16    0.272651    0.289242    0.003248
          17     0.27721    0.288534  0.00313309
          18    0.278414    0.287972  0.00300905
          19      0.2981    0.288505  0.00289751
          20    0.255627    0.286861  0.00318502
          21    0.277577    0.286419  0.00306388
          22    0.284494    0.286331  0.00292586
          23    0.289502    0.286469   0.0028019
          24    0.276742    0.286064  0.00271431
          25    0.295923    0.286458  0.00263423
          26    0.281124    0.286253  0.00254089
          27    0.300114    0.286766  0.00249811
          28     0.29067    0.286906  0.00241277
          29    0.302307    0.287437  0.00238731
          30    0.318088    0.288459  0.00251689
          31    0.301497    0.288879  0.00247059
          32    0.274175     0.28842  0.00243575
          33    0.283613    0.288274  0.00236629
          34     0.34075    0.289818  0.00275443
          35    0.297781    0.290045  0.00268511
          36     0.30299    0.290405  0.00263449
          37    0.288891    0.290364  0.00256361
          38    0.286379    0.290259  0.00249829
          39    0.288652    0.290218  0.00243457
          40    0.325948    0.291111  0.00253228
          41     0.30284    0.291397  0.00248662
          42    0.303417    0.291683  0.00244383
          43    0.302722     0.29194  0.00240044
          44     0.28003    0.291669   0.0023611
          45     0.27403    0.291277  0.00234094
          46    0.299941    0.291466  0.00229762
          47    0.300537    0.291659  0.00225682
          48    0.280722    0.291431  0.00222128
          49    0.297927    0.291563   0.0021799
          50    0.289632    0.291525  0.00213664
          51    0.298525    0.291662  0.00209915
          52    0.285581    0.291545  0.00206204
          53    0.305764    0.291813  0.00204051
          54    0.300959    0.291983  0.00200974
          55    0.322133    0.292531   0.0020466
          56     0.30712    0.292791  0.00202656
          57    0.282467     0.29261  0.00199909
          58    0.272085    0.292256   0.0019957
          59    0.299232    0.292375  0.00196537
          60    0.322513    0.292877  0.00199577
          61    0.288868    0.292811  0.00196414
          62    0.286952    0.292717  0.00193473
          63    0.306975    0.292943  0.00191721
          64    0.309657    0.293204  0.00190496
          65    0.313515    0.293517  0.00190111
          66     0.31302    0.293812  0.00189513
          67    0.289662     0.29375  0.00186786
          68     0.29696    0.293797  0.00184098
          69    0.306727    0.293985  0.00182381
          70    0.327155    0.294459   0.0018583
          71    0.305391    0.294613  0.00183849
          72    0.308735    0.294809  0.00182339
          73    0.292881    0.294782  0.00179861
          74    0.265828    0.294391  0.00181636
          75    0.247776     0.29377   0.0018955
          76    0.298775    0.293835  0.00187171
          77    0.277127    0.293618  0.00185993
          78     0.29141     0.29359  0.00183631
          79    0.309421     0.29379  0.00182396
          80    0.284733    0.293677  0.00180467
          81    0.305132    0.293819  0.00178792
          82    0.275762    0.293598  0.00177963
          83    0.325251     0.29398  0.00179859
          84    0.289433    0.293926  0.00177799
          85    0.311908    0.294137  0.00176961
          86    0.294937    0.294147  0.00174906
          87    0.283158     0.29402  0.00173351
          88    0.330306    0.294433  0.00176217
          89    0.302521    0.294523  0.00174471
          90    0.275894    0.294316  0.00173756
          91    0.283795    0.294201  0.00172231
          92    0.284057    0.294091  0.00170711
          93    0.303374     0.29419  0.00169167
          94    0.306683    0.294323  0.00167889
          95    0.305018    0.294436  0.00166499
          96    0.284316     0.29433  0.00165098
          97    0.277708    0.294159  0.00164283
          98    0.313528    0.294357  0.00163791
          99    0.283113    0.294243   0.0016253
         100     0.26907    0.293991  0.00162842
