           1    -0.03084    -0.03084           0
           2     0.00476    -0.01304   0.0125865
           3       0.057   0.0103067   0.0208275
           4     0.01684     0.01194   0.0156846
           5     0.03284     0.01612   0.0130928
           6    -0.03396  0.00777333   0.0133078
           7    -0.03376     0.00184   0.0126605
           8     0.01336     0.00328   0.0111595
           9    -0.01172  0.00161333   0.0100433
          10      -4e-05    0.001448  0.00904031
          11     -0.0086 0.000534545  0.00826448
          12     0.00704  0.00107667  0.00759353
          13     0.01528  0.00216923  0.00708758
          14    -0.00608     0.00158  0.00660577
          15     0.01152  0.00224267  0.00619854
          16     0.06392   0.0060975  0.00690653
          17    -0.01852  0.00464941  0.00665034
          18     -0.0308     0.00268  0.00656602
          19     0.01108  0.00312211   0.0062353
          20    -0.05152     0.00039  0.00649457
          21     0.00808  0.00075619  0.00619562
          22     0.01924  0.00159636   0.0059707
          23       0.024  0.00257043  0.00579001
          24    -0.01568     0.00181  0.00559848
          25    -0.01672   0.0010688  0.00542338
          26     0.01044  0.00142923  0.00522675
          27    -0.01608 0.000780741  0.00507324
          28      0.0214  0.00151714  0.00494521
          29       0.034  0.00263724  0.00489989
          30     -0.0462  0.00100933  0.00499968
          31     0.02092  0.00165161  0.00487948
          32    -0.02144     0.00093  0.00478006
          33    -0.02596 0.000115152  0.00470415
          34     0.00204 0.000171765  0.00456613
          35      0.0018 0.000218286  0.00443591
          36    -0.00968-5.66667e-05   0.0043212
          37      0.0174 0.000415135  0.00423009
          38     0.03584  0.00134737  0.00422024
          39     0.02268  0.00189436  0.00414733
          40    -0.00808    0.001645  0.00405114
          41     0.01692  0.00201756  0.00396942
          42    -0.04016  0.00101333  0.00399993
          43    -0.00772 0.000810233  0.00391206
          44     0.00612 0.000930909  0.00382501
          45     0.00124 0.000937778  0.00374001
          46    -0.00288 0.000854783  0.00365963
          47     0.00572 0.000958298  0.00358323
          48    -0.03028   0.0003075  0.00356719
          49    -0.00932  0.00011102   0.0034998
          50     0.01948   0.0004984  0.00345117
          51      0.0342  0.00115922  0.00344619
          52     0.03116  0.00173615  0.00342787
          53     0.01264  0.00194189  0.00336936
          54    -0.05052  0.00097037  0.00344418
          55    -0.01496 0.000680727  0.00339371
          56     0.01784 0.000987143  0.00334692
          57     0.01452  0.00122456  0.00329661
          58      0.0268  0.00166552  0.00326913
          59     0.02324  0.00203119  0.00323411
          60     0.00204  0.00203133   0.0031802
          61     0.01688  0.00227475  0.00313737
          62    -0.01144  0.00205355  0.00309456
          63     0.02636  0.00243937  0.00306939
          64     0.04376    0.003085  0.00308859
          65     0.02788  0.00346646  0.00306454
          66     0.01032   0.0035703  0.00301987
          67    -0.01328  0.00331881  0.00298525
          68    -0.01644  0.00302824  0.00295546
          69     0.04024  0.00356754  0.00296142
          70     0.02468  0.00386914  0.00293443
          71     0.02976   0.0042338  0.00291567
          72     0.04864  0.00485056  0.00293968
          73    -0.00388  0.00473096  0.00290185
          74     0.00352  0.00471459  0.00286268
          75     0.01336  0.00482987  0.00282683
          76     0.03764  0.00526158  0.00282241
          77    -0.00252  0.00516052  0.00278756
          78    -0.04372  0.00453385  0.00282139
          79     -0.0132  0.00430937  0.00279459
          80     0.00748    0.004349  0.00275994
          81     0.00616  0.00437136  0.00272595
          82     0.01432  0.00449268  0.00269541
          83     -0.0086  0.00433494  0.00266755
          84     0.00588  0.00435333  0.00263585
          85     0.00608  0.00437365  0.00260492
          86      0.0388  0.00477395  0.00260521
          87     0.05464  0.00534713  0.00263756
          88    -0.01464     0.00512  0.00261735
          89     0.00748  0.00514652  0.00258808
          90     0.01032    0.005204  0.00255996
          91    -0.00052   0.0051411   0.0025326
          92    -0.02344  0.00483043  0.00252405
          93    -0.01636  0.00460258  0.00250718
          94     0.04304  0.00501149  0.00251363
          95     0.01064  0.00507074  0.00248787
          96     0.01072  0.00512958  0.00246265
          97      0.0066  0.00514474  0.00243731
          98     -0.0206  0.00488204  0.00242655
          99    -0.05708  0.00425616  0.00248144
         100     0.01912   0.0044048  0.00246108
