           1     2.52132     2.52132           0
           2     2.30395     2.41263   0.0768534
           3     2.60438     2.47655   0.0731344
           4     2.63322     2.51572    0.064492
           5     2.49071     2.51072   0.0517873
           6     2.75961      2.5522   0.0574147
           7     2.29801     2.51589   0.0595995
           8     3.18986     2.60013   0.0944986
           9     2.34309     2.57157   0.0882091
          10     2.80453     2.59487    0.082407
          11     2.67963     2.60257   0.0752748
          12     2.54912     2.59812   0.0691336
          13     2.23936     2.57052   0.0691047
          14     2.56032     2.56979   0.0641724
          15     2.71669     2.57959   0.0606369
          16      2.7416     2.58971   0.0576864
          17     2.55418     2.58762   0.0543309
          18     2.84511     2.60193   0.0531623
          19     2.79184     2.61192   0.0512953
          20     2.36316     2.59948   0.0502159
          21     2.04117      2.5729   0.0544093
          22     2.78373     2.58248   0.0527733
          23     2.17343      2.5647   0.0533916
          24     2.43466     2.55928   0.0514411
          25     2.50762     2.55721   0.0494249
          26     2.51547     2.55561     0.04755
          27     2.22314     2.54329   0.0473564
          28     2.35546     2.53659   0.0461378
          29     2.61001     2.53912   0.0446163
          30     2.80845     2.54809   0.0440231
          31      2.7625     2.55501   0.0431429
          32     2.71765     2.56009   0.0420929
          33      2.5545     2.55992   0.0408177
          34     2.39387     2.55504   0.0399083
          35     2.53787     2.55455   0.0387711
          36     2.50613      2.5532   0.0377175
          37     2.60378     2.55457   0.0367228
          38      2.8674      2.5628   0.0366676
          39     2.86991     2.57068   0.0365631
          40     2.76373      2.5755   0.0359662
          41       2.604      2.5762   0.0350957
          42     2.57555     2.57618   0.0342601
          43     2.15291     2.56634   0.0348488
          44     2.78789     2.57138   0.0344186
          45     2.56144     2.57115   0.0336545
          46     2.65856     2.57305   0.0329765
          47     2.14949     2.56404   0.0334836
          48     2.47183     2.56212   0.0328411
          49     2.70565     2.56505   0.0323012
          50     2.41754      2.5621   0.0317897
          51     2.67982     2.56441     0.03125
          52     2.71855     2.56737   0.0307893
          53     2.55434     2.56713   0.0302094
          54      2.7725     2.57093   0.0298884
          55     2.34784     2.56687   0.0296189
          56     2.34677     2.56294   0.0293496
          57     2.77466     2.56666   0.0290688
          58     2.52991     2.56602   0.0285745
          59     2.51375     2.56514    0.028104
          60     2.60112     2.56574    0.027642
          61     2.73621     2.56853   0.0273297
          62     2.66666     2.57012   0.0269347
          63     2.28154     2.56554   0.0268938
          64     2.40179     2.56298   0.0265951
          65     2.53743     2.56258   0.0261888
          66     2.35563     2.55945   0.0259791
          67     2.78528     2.56282    0.025809
          68     2.34725     2.55965   0.0256235
          69     2.28083     2.55561   0.0255687
          70     2.59141     2.55612   0.0252086
          71     2.50228     2.55536   0.0248649
          72     2.25874     2.55124   0.0248585
          73      2.3192     2.54806   0.0247204
          74     2.22763     2.54373   0.0247627
          75     2.30282     2.54052     0.02464
          76     2.41411     2.53886   0.0243718
          77     2.62768     2.54001   0.0240826
          78     2.37549      2.5379    0.023866
          79      2.7072     2.54004   0.0236599
          80     2.34309     2.53758   0.0234919
          81     2.98944     2.54316    0.023855
          82     2.80885      2.5464   0.0237832
          83     2.49456     2.54578   0.0235048
          84     2.47984     2.54499   0.0232381
          85      2.3968     2.54325     0.02303
          86     2.27294      2.5401   0.0229757
          87     2.29916     2.53734   0.0228779
          88      2.4289      2.5361   0.0226511
          89     2.44688      2.5351   0.0224188
          90     2.42357     2.53386   0.0222039
          91     2.67771     2.53544   0.0220161
          92     2.84874     2.53885   0.0220386
          93     2.69648     2.54054   0.0218667
          94     2.57342     2.54089   0.0216369
          95     2.92651     2.54495   0.0217865
          96     2.82027     2.54782   0.0217475
          97     2.36485     2.54593    0.021605
          98      2.5497     2.54597   0.0213845
          99     2.68182     2.54734   0.0212125
         100     2.46922     2.54656   0.0210148
