           1    -0.57864    -0.57864           0
           2    -0.57736      -0.578 0.000452548
           3    -0.58112    -0.57904  0.00090116
           4    -0.58616    -0.58082  0.00168318
           5     -0.5784   -0.580336  0.00141442
           6    -0.59168   -0.582227  0.00209001
           7    -0.58064      -0.582  0.00180369
           8    -0.58616    -0.58252  0.00165148
           9    -0.58168   -0.582427  0.00147062
          10    -0.58704   -0.582888  0.00139404
          11    -0.57824   -0.582465  0.00132981
          12    -0.57864   -0.582147  0.00125662
          13    -0.58144   -0.582092  0.00116113
          14    -0.58016   -0.581954  0.00108637
          15    -0.58664   -0.582267   0.0010579
          16    -0.58712    -0.58257  0.00103436
          17    -0.58464   -0.582692 0.000980653
          18     -0.5984   -0.583564  0.00125581
          19    -0.58176   -0.583469   0.0011933
          20      -0.578   -0.583196  0.00116455
          21    -0.57864   -0.582979  0.00112912
          22    -0.59256   -0.583415  0.00115874
          23    -0.58352   -0.583419  0.00110837
          24    -0.58952   -0.583673  0.00109095
          25    -0.58136   -0.583581  0.00105123
          26    -0.58496   -0.583634  0.00101214
          27    -0.57856   -0.583446 0.000991942
          28     -0.5772   -0.583223 0.000981277
          29    -0.57608   -0.582977 0.000977863
          30    -0.58168   -0.582933 0.000946222
          31    -0.59488   -0.583319 0.000991074
          32    -0.58376   -0.583333 0.000960199
          33    -0.58344   -0.583336 0.000931108
          34     -0.5832   -0.583332 0.000903731
          35     -0.5868   -0.583431 0.000883326
          36     -0.5792   -0.583313 0.000866572
          37    -0.58848   -0.583453 0.000854328
          38     -0.5904   -0.583636 0.000851181
          39    -0.58432   -0.583653 0.000829537
          40    -0.58208   -0.583614  0.00080973
          41    -0.57728    -0.58346 0.000804583
          42    -0.58408   -0.583474 0.000785562
          43    -0.57464   -0.583269 0.000793704
          44    -0.58568   -0.583324 0.000777555
          45     -0.5892   -0.583454 0.000771163
          46    -0.58568   -0.583503 0.000755915
          47    -0.57656   -0.583355 0.000754127
          48    -0.58208   -0.583328 0.000738883
          49    -0.58416   -0.583345 0.000723999
          50    -0.58256    -0.58333 0.000709689
          51    -0.59088   -0.583478 0.000711048
          52    -0.58024   -0.583415 0.000700095
          53     -0.5912   -0.583562 0.000702124
          54    -0.56872   -0.583287  0.00074097
          55    -0.58008   -0.583229 0.000729789
          56    -0.57352   -0.583056 0.000737064
          57    -0.58816   -0.583145 0.000729552
          58     -0.5816   -0.583119  0.00071746
          59     -0.5796   -0.583059 0.000707774
          60    -0.58584   -0.583105 0.000697494
          61     -0.5944    -0.58329 0.000710211
          62    -0.58296   -0.583285 0.000698776
          63    -0.57376   -0.583134 0.000703851
          64    -0.58488   -0.583161 0.000693382
          65     -0.5872   -0.583223 0.000685493
          66    -0.58072   -0.583185 0.000676155
          67    -0.58832   -0.583262 0.000670392
          68      -0.584   -0.583273 0.000660621
          69    -0.57416   -0.583141 0.000664117
          70    -0.56936   -0.582944 0.000683187
          71    -0.58488   -0.582971 0.000674109
          72    -0.57584   -0.582872 0.000671983
          73    -0.58328   -0.582878 0.000662801
          74     -0.5704   -0.582709 0.000674952
          75    -0.58144   -0.582692 0.000666165
          76    -0.57368   -0.582574  0.00066787
          77    -0.58856   -0.582651 0.000663706
          78     -0.5684   -0.582469 0.000679881
          79    -0.58976   -0.582561 0.000677511
          80    -0.58504   -0.582592  0.00066975
          81    -0.59104   -0.582696 0.000669553
          82    -0.59944     -0.5829 0.000691823
          83    -0.58192   -0.582889 0.000683589
          84    -0.58712   -0.582939 0.000677304
          85    -0.58688   -0.582985 0.000670921
          86     -0.5772   -0.582918 0.000666484
          87    -0.58896   -0.582988 0.000662431
          88    -0.57952   -0.582948 0.000656075
          89     -0.5896   -0.583023 0.000652946
          90    -0.58088   -0.582999 0.000646125
          91    -0.57936   -0.582959 0.000640261
          92    -0.59344   -0.583073 0.000643357
          93     -0.5784   -0.583023 0.000638399
          94    -0.58448   -0.583038 0.000631796
          95    -0.58496   -0.583059 0.000625469
          96     -0.5896   -0.583127 0.000622654
          97    -0.57704   -0.583064 0.000619389
          98    -0.58016   -0.583034 0.000613777
          99    -0.57848   -0.582988 0.000609299
         100     -0.5928   -0.583086 0.000611055
