           1     1.18275     1.18275           0
           2       1.362     1.27238   0.0633731
           3     1.58378     1.37618   0.0947009
           4     1.37349     1.37551    0.071028
           5      1.6032     1.42104   0.0699126
           6     1.34316     1.40806   0.0594533
           7     1.63099     1.43991   0.0588748
           8      1.5759     1.45691   0.0539138
           9     1.36363     1.44654   0.0489094
          10     1.49744     1.45163   0.0442825
          11     1.62481     1.46738   0.0429643
          12      1.4905      1.4693   0.0394272
          13     1.45732     1.46838   0.0364051
          14     1.40438     1.46381   0.0340905
          15     1.48373     1.46514   0.0318437
          16     1.29678     1.45462    0.031544
          17     1.47626     1.45589   0.0297142
          18     1.32149     1.44842   0.0289863
          19     1.29427     1.44031   0.0285737
          20     1.35303     1.43595   0.0274762
          21     1.35028     1.43187    0.026469
          22      1.5366     1.43663   0.0256904
          23     1.42784     1.43625   0.0245763
          24     1.59395     1.44282   0.0244149
          25     1.41758     1.44181   0.0234592
          26     1.38073     1.43946   0.0226742
          27     1.49033     1.44134   0.0219126
          28       1.537     1.44476   0.0213947
          29     1.29507      1.4396   0.0212705
          30     1.39562     1.43813   0.0206119
          31     1.36718     1.43584   0.0200737
          32      1.4866     1.43743   0.0195089
          33     1.60024     1.44236   0.0195316
          34      1.3414     1.43939   0.0191816
          35     1.21381     1.43295   0.0196866
          36     1.48462     1.43438    0.019192
          37     1.52127     1.43673   0.0188164
          38     1.49665     1.43831   0.0183872
          39     1.50193     1.43994    0.017988
          40     1.38691     1.43861   0.0175871
          41      1.3752     1.43707    0.017226
          42     1.30011     1.43381   0.0171217
          43     1.44101     1.43397   0.0167244
          44     1.58558     1.43742   0.0166954
          45     1.25873     1.43345     0.01679
          46     1.49849     1.43486   0.0164844
          47     1.60508     1.43848   0.0165267
          48     1.51868     1.44015   0.0162667
          49      1.4314     1.43998   0.0159357
          50     1.56839     1.44254   0.0158226
