           1    -3.83189    -3.83189           0
           2    -3.83172     -3.8318  6.1823e-05
           3    -3.82994    -3.83118 0.000509347
           4    -3.83153    -3.83127 0.000389222
           5    -3.83272    -3.83156  0.00040543
           6    -3.83268    -3.83175 0.000378158
           7    -3.83237    -3.83184 0.000334635
           8    -3.82899    -3.83148 0.000443483
           9    -3.83092    -3.83142 0.000398557
          10    -3.83014    -3.83129 0.000378569
          11    -3.83074    -3.83124 0.000347393
          12    -3.83182    -3.83129 0.000321761
          13    -3.83209    -3.83135 0.000302812
          14    -3.83347     -3.8315  0.00031668
          15    -3.83126    -3.83148  0.00029596
          16    -3.83091    -3.83145 0.000279644
          17     -3.8315    -3.83145 0.000263213
          18    -3.83192    -3.83148 0.000249847
          19    -3.83303    -3.83156 0.000249725
          20    -3.83305    -3.83163 0.000248059
          21    -3.83188    -3.83165  0.00023652
          22     -3.8307     -3.8316 0.000229637
          23    -3.83012    -3.83154 0.000228472
          24    -3.82979    -3.83147 0.000230212
          25    -3.83176    -3.83148   0.0002213
          26    -3.83328    -3.83155 0.000223373
          27    -3.83282    -3.83159 0.000220034
          28    -3.83189     -3.8316 0.000212433
          29    -3.83302    -3.83165  0.00021066
          30    -3.83414    -3.83174  0.00021935
          31    -3.83264    -3.83177 0.000214214
          32    -3.83214    -3.83178 0.000207844
          33    -3.83057    -3.83174  0.00020473
          34    -3.83188    -3.83175 0.000198751
          35    -3.83299    -3.83178 0.000196212
          36    -3.83233     -3.8318 0.000191349
          37    -3.83117    -3.83178 0.000186916
          38    -3.83111    -3.83176 0.000182835
          39    -3.83344     -3.8318 0.000183133
          40    -3.83274    -3.83183 0.000180038
          41    -3.83252    -3.83184 0.000176444
          42    -3.83181    -3.83184 0.000172246
          43    -3.83176    -3.83184  0.00016825
          44    -3.83229    -3.83185 0.000164728
          45    -3.83294    -3.83188 0.000162839
          46    -3.83057    -3.83185 0.000161752
          47    -3.83184    -3.83185 0.000158311
          48    -3.83259    -3.83186  0.00015576
          49    -3.83241    -3.83187 0.000152979
          50    -3.82968    -3.83183 0.000156101
