           1     1.66082     1.66082           0
           2     1.63815     1.64948  0.00801448
           3     1.60295     1.63397   0.0137455
           4     1.64396     1.63647   0.0105333
           5     1.62184     1.63354  0.00882363
           6      1.6452     1.63548  0.00756388
           7     1.60099     1.63056  0.00792779
           8     1.62219     1.62951   0.0070055
           9     1.63627     1.63026  0.00626727
          10     1.62238     1.62947   0.0056899
          11     1.59963     1.62676  0.00578336
          12     1.60283     1.62477  0.00563467
          13     1.62551     1.62482  0.00520152
          14     1.64103     1.62598  0.00495709
          15     1.61744     1.62541  0.00465918
          16     1.64634     1.62672  0.00454782
          17     1.66002     1.62868  0.00468312
          18      1.6377     1.62918  0.00444966
          19     1.64049     1.62977  0.00425509
          20     1.63814     1.63019  0.00406284
          21     1.61664     1.62955  0.00392032
          22     1.61177     1.62874  0.00382452
          23     1.63858     1.62917  0.00368211
          24     1.59892     1.62791  0.00373815
          25     1.61818     1.62752   0.0036088
          26      1.6327     1.62772   0.0034755
          27     1.63635     1.62804  0.00336147
          28     1.61395     1.62753  0.00327887
          29     1.64717     1.62821  0.00323494
          30     1.62588     1.62813  0.00312804
          31     1.64255      1.6286  0.00306151
          32     1.62398     1.62845  0.00296925
          33      1.6083     1.62784  0.00294142
          34     1.64716     1.62841  0.00290925
          35     1.65294     1.62911  0.00290932
          36     1.63468     1.62927  0.00283261
          37     1.62085     1.62904  0.00276517
          38     1.62228     1.62886  0.00269811
          39     1.61216     1.62843  0.00266269
          40     1.64185     1.62877  0.00261718
          41     1.63423      1.6289  0.00255674
          42     1.62894      1.6289  0.00249587
          43     1.62832     1.62889  0.00243786
          44     1.62103     1.62871    0.002389
          45     1.64258     1.62902  0.00235572
          46     1.62142     1.62885  0.00231028
          47     1.57933      1.6278  0.00248988
          48     1.58751     1.62696  0.00257559
          49     1.62872       1.627  0.00252328
          50     1.62672     1.62699  0.00247282
