           1    -0.58256    -0.58256           0
           2    -0.57864     -0.5806  0.00138593
           3    -0.58688   -0.582693  0.00194295
           4    -0.57928    -0.58184  0.00163389
           5    -0.57344    -0.58016   0.0019916
           6    -0.58616    -0.58116  0.00189415
           7    -0.58152   -0.581211  0.00162426
           8    -0.58312    -0.58145  0.00143864
           9    -0.58176   -0.581484   0.0012792
          10    -0.58848   -0.582184  0.00132887
          11    -0.57944   -0.581935  0.00123125
          12    -0.58248    -0.58198  0.00112949
          13     -0.5804   -0.581858  0.00104912
          14    -0.58272    -0.58192 0.000975989
          15     -0.5844   -0.582085 0.000924821
          16    -0.58648    -0.58236  0.00090689
          17      -0.578   -0.582104  0.00088907
          18    -0.60064   -0.583133  0.00130638
          19    -0.58152   -0.583048  0.00124038
          20    -0.57808     -0.5828  0.00120298
          21    -0.57808   -0.582575  0.00116651
          22    -0.59392   -0.583091  0.00122216
          23    -0.57936   -0.582929  0.00117974
          24     -0.5856    -0.58304  0.00113582
          25    -0.58424   -0.583088   0.0010914
          26    -0.58576   -0.583191  0.00105425
          27    -0.58152   -0.583129  0.00101702
          28    -0.57904   -0.582983 0.000991127
          29    -0.57768     -0.5828 0.000973672
          30    -0.58312   -0.582811 0.000941275
          31    -0.59512   -0.583208 0.000991131
          32     -0.5844   -0.583245 0.000960859
          33    -0.58088   -0.583173 0.000934411
          34     -0.5848   -0.583221 0.000908152
          35    -0.58352    -0.58323 0.000882245
          36    -0.58048   -0.583153 0.000861038
          37    -0.58696   -0.583256 0.000843891
          38     -0.5904   -0.583444 0.000842363
          39    -0.58584   -0.583506 0.000823001
          40     -0.5816   -0.583458 0.000803803
          41    -0.57896   -0.583348  0.00079165
          42    -0.58056   -0.583282  0.00077558
          43    -0.57168   -0.583012 0.000803104
          44    -0.58648   -0.583091  0.00078871
          45    -0.59072    -0.58326 0.000789194
          46    -0.58384   -0.583273 0.000772138
          47    -0.57856   -0.583173 0.000762193
          48     -0.5848   -0.583207 0.000747068
          49    -0.58432   -0.583229 0.000732167
          50    -0.58592   -0.583283 0.000719498
          51    -0.58728   -0.583362 0.000709646
          52    -0.58208   -0.583337 0.000696427
          53     -0.5904    -0.58347  0.00069592
          54     -0.5672   -0.583169 0.000745409
          55    -0.57568   -0.583033 0.000744188
          56     -0.5748   -0.582886 0.000745279
          57    -0.58848   -0.582984 0.000738638
          58    -0.58224   -0.582971 0.000726014
          59    -0.58408    -0.58299 0.000713952
          60    -0.58672   -0.583052 0.000704754
          61     -0.5936   -0.583225 0.000714099
          62     -0.5856   -0.583263 0.000703608
          63    -0.57544   -0.583139 0.000703313
          64    -0.58408   -0.583154 0.000692477
          65    -0.59056   -0.583268 0.000691134
          66    -0.58512   -0.583296 0.000681232
          67    -0.58968   -0.583391 0.000677696
          68    -0.58168   -0.583366 0.000668197
          69     -0.5744   -0.583236 0.000671028
          70    -0.56824   -0.583022 0.000694797
          71    -0.58104   -0.582994 0.000685572
          72    -0.57752   -0.582918 0.000680252
          73    -0.58592   -0.582959 0.000672176
          74    -0.57264   -0.582819 0.000677402
          75     -0.5764   -0.582734 0.000673756
          76    -0.57048   -0.582573 0.000683911
          77    -0.58728   -0.582634 0.000677756
          78    -0.56808   -0.582447 0.000694276
          79    -0.59224   -0.582571 0.000696466
          80    -0.58464   -0.582597  0.00068824
          81    -0.58704   -0.582652 0.000681925
          82    -0.59496   -0.582802 0.000689931
          83    -0.57856   -0.582751 0.000683509
          84    -0.59128   -0.582852 0.000682872
          85    -0.58608    -0.58289 0.000675893
          86    -0.57496   -0.582798 0.000674295
          87    -0.58912   -0.582871 0.000670448
          88    -0.58056   -0.582845 0.000663343
          89    -0.58744   -0.582896 0.000657897
          90    -0.57984   -0.582862 0.000651463
          91    -0.57904    -0.58282 0.000645656
          92    -0.59112    -0.58291  0.00064491
          93    -0.57464   -0.582822 0.000644078
          94     -0.5832   -0.582826 0.000637239
          95    -0.57856   -0.582781 0.000632111
          96     -0.5888   -0.582843 0.000628628
          97    -0.57808   -0.582794 0.000624063
          98    -0.58112   -0.582777 0.000617928
          99    -0.58104    -0.58276 0.000611936
         100    -0.59104   -0.582842 0.000611393
