           1      2.5666      2.5666           0
           2     2.33888     2.45274   0.0805114
           3     2.60524     2.50357   0.0678497
           4     2.55946     2.51755   0.0523063
           5     2.40991     2.49602   0.0460624
           6     2.70217     2.53038   0.0495703
           7      2.2618     2.49201   0.0553815
           8      3.2441     2.58602    0.100408
           9      2.3864     2.56384   0.0916683
          10     2.83451     2.59091   0.0864051
          11     2.63957     2.59533   0.0786633
          12      2.5568     2.59212   0.0721735
          13     2.27888     2.56802   0.0705293
          14     2.58709     2.56939   0.0655047
          15     2.76848     2.58266   0.0624679
          16     2.68262     2.58891   0.0588752
          17       2.536     2.58579   0.0554942
          18     2.91721     2.60421   0.0553815
          19     2.80752     2.61491   0.0534904
          20     2.35986     2.60215   0.0523139
          21     2.01259     2.57408   0.0568592
          22     2.89679     2.58875   0.0561349
          23     2.17898     2.57093   0.0564508
          24     2.41637     2.56449   0.0544648
          25     2.50405     2.56207   0.0523398
          26     2.54533     2.56143   0.0503307
          27     2.26703     2.55053   0.0496336
          28     2.34394     2.54315   0.0484063
          29     2.58916     2.54474   0.0467631
          30     2.71064     2.55027   0.0455301
          31     2.74581     2.55657   0.0444962
          32     2.73519     2.56216   0.0434544
          33     2.54576     2.56166   0.0421405
          34     2.50747     2.56006   0.0409312
          35     2.51269     2.55871   0.0397841
          36     2.56955     2.55901   0.0386801
          37       2.512     2.55774   0.0376556
          38     2.85566     2.56558   0.0374719
          39     2.85381     2.57297   0.0372327
          40     2.69088     2.57592   0.0364184
          41     2.54501     2.57517   0.0355379
          42     2.46883     2.57263   0.0347819
          43     2.14912     2.56278     0.03534
          44     2.80149     2.56821   0.0349507
          45     2.50123     2.56672   0.0342057
          46     2.65088     2.56855    0.033511
          47     2.15109     2.55967   0.0339547
          48     2.41401     2.55663   0.0333827
          49     2.69445     2.55945   0.0328196
          50     2.39471     2.55615   0.0323282
          51     2.66558      2.5583   0.0317654
          52     2.77482     2.56246   0.0314263
          53     2.50698     2.56141   0.0308508
          54     2.74493     2.56481   0.0304661
          55     2.37829     2.56142   0.0301003
          56     2.35258     2.55769   0.0297929
          57     2.73738     2.56085   0.0294365
          58     2.54164     2.56051   0.0289309
          59     2.51684     2.55977     0.02845
          60     2.59029     2.56028   0.0279804
          61     2.78821     2.56402   0.0277701
          62     2.59637     2.56454    0.027327
          63     2.26602      2.5598    0.027301
          64     2.39554     2.55724   0.0269948
          65     2.52341     2.55672   0.0265845
          66     2.40901     2.55448   0.0262758
          67     2.79781     2.55811   0.0261334
          68     2.36203     2.55523   0.0259077
          69     2.25432     2.55086   0.0258966
          70     2.55477     2.55092   0.0255267
          71     2.43706     2.54932   0.0252175
          72     2.19789     2.54444   0.0253352
          73     2.34693     2.54173   0.0251322
          74     2.12981     2.53616   0.0254016
          75     2.32005     2.53328   0.0252258
          76     2.44504     2.53212   0.0249206
          77     2.65509     2.53372   0.0246481
          78     2.43832      2.5325   0.0243624
          79      2.6672      2.5342   0.0241136
          80     2.37728     2.53224   0.0238918
          81     3.02667     2.53834   0.0243641
          82     2.77973     2.54129   0.0242442
          83     2.43914     2.54006   0.0239833
          84     2.52128     2.53983   0.0236988
          85      2.3992     2.53818   0.0234777
          86      2.2611     2.53496   0.0234247
          87     2.31538     2.53243    0.023291
          88     2.47552     2.53179   0.0230354
          89     2.45387     2.53091   0.0227932
          90     2.39328     2.52938   0.0225911
          91     2.79296     2.53228   0.0225278
          92     2.92234     2.53652   0.0226784
          93     2.66356     2.53788   0.0224757
          94     2.50366     2.53752   0.0222395
          95     2.98544     2.54223   0.0224997
          96     2.79669     2.54488   0.0224209
          97     2.39163      2.5433   0.0222453
          98     2.52538     2.54312   0.0220191
          99     2.69659     2.54467   0.0218512
         100     2.46762      2.5439   0.0216462
