           1    -0.03216    -0.03216           0
           2      0.0088    -0.01168   0.0144815
           3      0.0562   0.0109467   0.0208451
           4     0.01496     0.01195   0.0156579
           5     0.02936    0.015432   0.0129077
           6    -0.03328  0.00731333   0.0130625
           7     -0.0314  0.00178286   0.0123116
           8     0.01708    0.003695   0.0109201
           9    -0.01268  0.00187556  0.00985721
          10     0.00572     0.00226  0.00887898
          11    -0.00816  0.00131273  0.00812217
          12     0.00608     0.00171  0.00745503
          13      0.0142  0.00267077   0.0069432
          14    -0.00488  0.00213143  0.00646817
          15      0.0114  0.00274933  0.00606641
          16     0.06192   0.0064475   0.0067206
          17    -0.01784  0.00501882  0.00647535
          18    -0.03176  0.00297556   0.0064299
          19     0.01252  0.00347789  0.00611108
          20    -0.04744    0.000932  0.00631361
          21     0.00944  0.00133714  0.00602594
          22     0.01988     0.00218  0.00581068
          23     0.02728   0.0032713   0.0056596
          24      -0.013  0.00259333  0.00546424
          25    -0.01844    0.001752  0.00531004
          26     0.00748  0.00197231  0.00511038
          27    -0.02004  0.00115704  0.00498571
          28     0.01964  0.00181714  0.00485115
          29     0.03116  0.00282897  0.00478823
          30     -0.0478  0.00114133  0.00491704
          31     0.01536      0.0016  0.00477977
          32    -0.02068  0.00090375  0.00468084
          33     -0.0186 0.000312727  0.00457616
          34     0.00116 0.000337647  0.00444163
          35      0.0014    0.000368  0.00431483
          36    -0.01012 7.66667e-05   0.0042048
          37     0.01688 0.000530811  0.00411561
          38     0.04024  0.00157579  0.00413784
          39     0.02276  0.00211897  0.00406724
          40    -0.00784     0.00187  0.00397317
          41     0.01324  0.00214732  0.00388593
          42    -0.04212  0.00109333  0.00393375
          43     -0.0068 0.000909767  0.00384655
          44     0.00712  0.00105091  0.00376171
          45     0.00272    0.001088   0.0036783
          46    -0.00368 0.000984348   0.0035998
          47      0.0098  0.00117191  0.00352809
          48    -0.02996 0.000523333   0.0035137
          49    -0.01092 0.000289796  0.00344974
          50     0.02212   0.0007264  0.00340826
          51     0.03688  0.00143529  0.00341436
          52     0.02904  0.00196615  0.00338972
          53     0.01168  0.00214943  0.00333071
          54    -0.04432  0.00128889  0.00337837
          55    -0.01724    0.000952   0.0033337
          56     0.02132  0.00131571  0.00329395
          57     0.01328  0.00152561  0.00324285
          58     0.02808  0.00198345  0.00321909
          59     0.03044  0.00246576  0.00320046
          60    -0.00256    0.002382  0.00314821
          61     0.01444  0.00257967   0.0031028
          62    -0.01336  0.00232258  0.00306339
          63      0.0276  0.00272381  0.00304093
          64     0.04796  0.00343062  0.00307446
          65     0.02472  0.00375815  0.00304456
          66      0.0054  0.00378303  0.00299853
          67     -0.0102  0.00357433  0.00296103
          68       -0.01  0.00337471  0.00292421
          69     0.04388  0.00396174  0.00294016
          70     0.02192  0.00421829  0.00290933
          71     0.02244  0.00447493  0.00287965
          72     0.05084  0.00511889  0.00291077
          73    -0.00268  0.00501205  0.00287285
          74     0.00328  0.00498865  0.00283412
          75      0.0162  0.00513813  0.00280028
          76      0.0414  0.00561526  0.00280378
          77     0.00148  0.00556156  0.00276789
          78      -0.041  0.00496462  0.00279603
          79    -0.01128  0.00475899  0.00276819
          80      0.0044   0.0047545  0.00273359
          81     0.00792  0.00479358  0.00270012
          82      0.0148  0.00491561  0.00266995
          83    -0.01176   0.0047147  0.00264533
          84     0.00456  0.00471286  0.00261384
          85     0.00964  0.00477082  0.00258373
          86     0.03648  0.00513953  0.00257986
          87     0.05328  0.00569287  0.00260887
          88    -0.01496  0.00545818  0.00258976
          89     0.00216  0.00542112  0.00256093
          90     0.01296  0.00550489  0.00253384
          91    -0.00232   0.0054189  0.00250746
          92    -0.02496   0.0050887  0.00250185
          93    -0.02656  0.00474839  0.00249799
          94     0.03688  0.00509021  0.00249469
          95     0.00548  0.00509432  0.00246843
          96     0.00824  0.00512708  0.00244294
          97     0.00476   0.0051233  0.00241776
          98    -0.01852  0.00488204  0.00240509
          99    -0.05824  0.00424444  0.00246386
         100        0.02    0.004402  0.00244426
