           1    0.291339    0.291339           0
           2    0.273594    0.282467  0.00627358
           3    0.292281    0.285738  0.00496266
           4     0.28614    0.285839  0.00372301
           5    0.285266    0.285724  0.00298017
           6    0.284881    0.285584  0.00248678
           7    0.292358    0.286551  0.00231216
           8    0.280815    0.285834  0.00213143
           9    0.295256    0.286881  0.00213626
          10    0.301122    0.288305  0.00234984
          11     0.29994    0.289363   0.0023623
          12    0.304788    0.290648  0.00249073
          13    0.267516    0.288869  0.00286507
          14    0.311658    0.290497   0.0030884
          15    0.329525    0.293099  0.00382459
          16    0.271138    0.291726  0.00382391
          17    0.299716    0.292196  0.00362774
          18    0.271351    0.291038  0.00360631
          19    0.282971    0.290613   0.0034414
          20    0.278318    0.289999  0.00332379
          21     0.28486    0.289754  0.00317451
          22    0.292156    0.289863  0.00303209
          23     0.28408    0.289612  0.00291067
          24    0.271872    0.288873  0.00288171
          25    0.298409    0.289254  0.00279158
          26    0.279938    0.288896  0.00270711
          27    0.309709    0.289667  0.00271438
          28    0.287482    0.289589  0.00261856
          29      0.2994    0.289927  0.00255003
          30    0.304139    0.290401  0.00250865
          31    0.292022    0.290453  0.00242827
          32    0.292263    0.290509  0.00235304
          33    0.284143    0.290317  0.00228963
          34    0.309461     0.29088  0.00229048
          35    0.284951     0.29071   0.0022313
          36    0.305275    0.291115  0.00220569
          37    0.283084    0.290898  0.00215673
          38    0.302592    0.291205  0.00212182
          39    0.294638    0.291293  0.00206923
          40    0.331819    0.292307  0.00225191
          41    0.318838    0.292954  0.00228807
          42    0.290126    0.292886  0.00223458
          43    0.289662    0.292811  0.00218388
          44     0.27512    0.292409  0.00217094
          45    0.271153    0.291937  0.00217348
          46    0.321592    0.292582  0.00221978
          47    0.300683    0.292754  0.00217923
          48    0.293248    0.292764  0.00213386
          49    0.293203    0.292773  0.00209033
          50    0.299666    0.292911  0.00205306
          51    0.305169    0.293151  0.00202683
          52    0.301486    0.293312  0.00199418
          53    0.302876    0.293492   0.0019647
          54    0.297799    0.293572  0.00192993
          55    0.327905    0.294196  0.00199324
          56    0.308306    0.294448  0.00197351
          57    0.305389     0.29464   0.0019482
          58    0.266342    0.294152  0.00197476
          59    0.305977    0.294353  0.00195143
          60    0.315512    0.294705  0.00195051
          61    0.296903    0.294741  0.00191887
          62    0.269881     0.29434  0.00192936
          63    0.308729    0.294569  0.00191221
          64    0.308537    0.294787  0.00189474
          65    0.319726    0.295171  0.00190404
          66    0.296022    0.295184  0.00187524
          67    0.304976     0.29533  0.00185294
          68    0.283671    0.295158   0.0018336
          69    0.295481    0.295163  0.00180703
          70    0.327024    0.295618  0.00183765
          71    0.286554     0.29549   0.0018162
          72    0.303508    0.295602  0.00179438
          73    0.293123    0.295568  0.00177012
          74    0.266672    0.295177  0.00178875
          75    0.257419    0.294674  0.00183439
          76    0.293666    0.294661   0.0018103
          77    0.274164    0.294394  0.00180625
          78    0.296931    0.294427  0.00178339
          79    0.292351    0.294401    0.001761
          80    0.279202    0.294211  0.00174921
          81    0.332196     0.29468  0.00178938
          82    0.299098    0.294734  0.00176836
          83    0.305234     0.29486  0.00175158
          84    0.275217    0.294626  0.00174627
          85    0.264494    0.294272  0.00176134
          86    0.304502    0.294391  0.00174487
          87    0.302863    0.294488  0.00172753
          88    0.331655     0.29491  0.00175877
          89    0.315214    0.295139  0.00175374
          90    0.277404    0.294941  0.00174529
          91     0.27838    0.294759  0.00173557
          92    0.301039    0.294828  0.00171805
          93    0.315806    0.295053  0.00171432
          94    0.286706    0.294965  0.00169838
          95    0.308363    0.295106  0.00168635
          96    0.309248    0.295253  0.00167521
          97     0.27462     0.29504  0.00167139
          98    0.294159    0.295031  0.00165436
          99    0.296509    0.295046  0.00163771
         100    0.300012    0.295096  0.00162209
