           1    0.364096    0.364096           0
           2    0.378458    0.371277  0.00507782
           3    0.406085     0.38288   0.0100601
           4    0.351874    0.375128    0.010099
           5    0.363788     0.37286  0.00833002
           6    0.358871    0.370529  0.00726064
           7    0.305755    0.361275   0.0105889
           8    0.379939    0.363608  0.00951878
           9    0.365602     0.36383  0.00846372
          10    0.363191    0.363766  0.00761759
          11    0.404222    0.367444  0.00776232
          12     0.33151    0.364449  0.00767135
          13    0.323377     0.36129  0.00770442
          14    0.312432      0.3578  0.00790508
          15    0.339165    0.356558  0.00747506
          16    0.306495    0.353429  0.00763469
          17    0.341755    0.352742  0.00721641
          18     0.39382    0.355024  0.00716726
          19    0.311762    0.352747  0.00714257
          20    0.327033    0.351462  0.00690019
          21    0.335479    0.350701  0.00661345
          22    0.368049    0.351489  0.00635968
          23    0.349183    0.351389  0.00608396
          24    0.348974    0.351288  0.00583129
          25    0.350784    0.351268  0.00559808
          26    0.315783    0.349903  0.00554664
          27    0.308863    0.348383  0.00554558
          28    0.359314    0.348774  0.00536124
          29    0.363639    0.349286  0.00520082
          30    0.318373    0.348256  0.00512853
          31    0.375401    0.349131  0.00503729
          32    0.342345    0.348919  0.00488434
          33     0.35059     0.34897  0.00473659
          34    0.337114    0.348621   0.0046101
          35     0.31693    0.347716  0.00456644
          36    0.401884     0.34922  0.00468093
          37    0.374591    0.349906  0.00460437
          38    0.251229    0.347309   0.0051638
          39    0.329422    0.346851  0.00505172
          40    0.389243    0.347911  0.00503537
          41    0.368304    0.348408  0.00493707
          42    0.296997    0.347184  0.00496895
          43    0.288142    0.345811  0.00503953
          44    0.317262    0.345162  0.00496659
          45     0.34518    0.345162  0.00485622
          46    0.321687    0.344652  0.00477739
          47     0.32814    0.344301  0.00468864
          48    0.332975    0.344065   0.0045969
          49    0.320633    0.343587  0.00452789
          50    0.433457    0.345384  0.00478079
          51    0.382331    0.346108  0.00474162
          52    0.304471    0.345308  0.00471756
          53    0.324104    0.344908  0.00464548
          54    0.382967    0.345612  0.00461261
          55    0.346771    0.345634  0.00452879
          56    0.346609    0.345651  0.00444795
          57    0.388736    0.346407  0.00443368
          58    0.380638    0.346997  0.00439635
          59    0.335599    0.346804  0.00432607
          60    0.418936    0.348006  0.00441786
          61     0.38365     0.34859  0.00438391
          62      0.3672    0.348891  0.00432347
          63     0.40926    0.349849  0.00435974
          64    0.317668    0.349346  0.00432052
          65    0.345568    0.349288  0.00425444
          66    0.424508    0.350428  0.00433995
          67    0.398404    0.351144  0.00433384
          68    0.366161    0.351364  0.00427573
          69     0.37678    0.351733   0.0042296
          70     0.39215     0.35231  0.00420841
          71    0.374209    0.352619  0.00416042
          72    0.335975    0.352387  0.00410905
          73    0.418706    0.353296  0.00415198
          74    0.320879    0.352858  0.00411891
          75    0.372149    0.353115  0.00407202
          76    0.358677    0.353188   0.0040191
          77    0.325102    0.352823  0.00398342
          78     0.33853     0.35264  0.00393656
          79    0.342308    0.352509   0.0038889
          80    0.335776      0.3523  0.00384591
          81    0.419462    0.353129  0.00388679
          82    0.353792    0.353138  0.00383939
          83    0.372082    0.353366  0.00379992
          84    0.306845    0.352812  0.00379482
          85    0.325354    0.352489   0.0037639
          86    0.382369    0.352836  0.00373614
          87    0.314845      0.3524  0.00371862
          88    0.400375    0.352945  0.00371611
          89    0.335692    0.352751  0.00367941
          90    0.351976    0.352742  0.00363854
          91    0.317809    0.352359  0.00361875
          92    0.359483    0.352436  0.00358024
          93    0.367234    0.352595  0.00354528
          94    0.312029    0.352164  0.00353373
          95    0.302471     0.35164  0.00353504
          96    0.345544    0.351577  0.00349879
          97    0.396933    0.352045  0.00349382
          98    0.310562    0.351621  0.00348372
          99    0.336567    0.351469  0.00345185
         100    0.330762    0.351262  0.00342353
