           1   -0.278729   -0.278729           0
           2   -0.312348   -0.295538   0.0118862
           3   -0.432702    -0.34126   0.0381631
           4   -0.430529   -0.363577   0.0345367
           5   -0.424026   -0.375667     0.02967
           6   -0.421391   -0.383287   0.0256851
           7   -0.418357   -0.388297   0.0224991
           8   -0.434501   -0.394073   0.0204145
           9   -0.378946   -0.392392   0.0182153
          10   -0.379988   -0.391152   0.0164359
          11   -0.404921   -0.392403   0.0149893
          12   -0.427256   -0.395308   0.0140188
          13   -0.316478   -0.389244   0.0141914
          14   -0.413123    -0.39095   0.0132798
          15   -0.410504   -0.392253   0.0124583
          16   -0.425849   -0.394353   0.0118553
          17   -0.414913   -0.395562   0.0112195
          18   -0.336507   -0.392281   0.0110655
          19   -0.393593   -0.392351   0.0104833
          20   -0.338497   -0.389658   0.0102991
          21   -0.437167    -0.39192   0.0100541
          22    -0.41695   -0.393058  0.00966125
          23   -0.333012   -0.390447  0.00958744
          24   -0.414767   -0.391461  0.00924136
          25    -0.41524   -0.392412  0.00892052
          26   -0.395797   -0.392542  0.00857837
          27   -0.435797   -0.394144  0.00840892
          28    -0.40103    -0.39439   0.0081122
          29   -0.405042   -0.394757  0.00784078
          30   -0.384459   -0.394414  0.00758693
          31   -0.439473   -0.395867  0.00748013
          32     -0.3896   -0.395672  0.00724894
          33    -0.39348   -0.395605  0.00702958
          34   -0.381611   -0.395194  0.00683487
          35   -0.452801    -0.39684   0.0068349
          36    -0.39822   -0.396878  0.00664515
          37   -0.323302   -0.394889  0.00675653
          38   -0.394439   -0.394877  0.00657874
          39   -0.479833   -0.397056  0.00676109
          40   -0.321525   -0.395168  0.00685067
          41    -0.42607   -0.395921  0.00672492
          42    -0.44059   -0.396985  0.00664837
          43   -0.366212   -0.396269  0.00653216
          44   -0.485437   -0.398296  0.00669067
          45   -0.427393   -0.398942  0.00657316
          46   -0.410777     -0.3992   0.0064353
          47   -0.424871   -0.399746  0.00632152
          48   -0.383274   -0.399403  0.00619913
          49   -0.294957   -0.397271  0.00642864
          50   -0.429663   -0.397919  0.00633262
          51   -0.408186    -0.39812  0.00621165
          52   -0.454223   -0.399199  0.00618519
          53   -0.371198   -0.398671  0.00609101
          54    -0.40329   -0.398756  0.00597881
          55   -0.418916   -0.399123  0.00588133
          56   -0.475886   -0.400494   0.0059339
          57   -0.342508   -0.399476  0.00591635
          58   -0.370825   -0.398982  0.00583494
          59   -0.386671   -0.398774  0.00573977
          60   -0.393211   -0.398681  0.00564485
          61   -0.407838   -0.398831  0.00555431
          62    -0.33914   -0.397868  0.00554754
          63   -0.392728   -0.397787  0.00546008
          64   -0.414456   -0.398047  0.00538098
          65   -0.334589   -0.397071  0.00538603
          66   -0.394668   -0.397034  0.00530455
          67   -0.402713   -0.397119  0.00522605
          68   -0.380167    -0.39687  0.00515514
          69   -0.378295   -0.396601  0.00508745
          70   -0.392106   -0.396537  0.00501518
          71   -0.364407   -0.396084  0.00496492
          72   -0.383157   -0.395904  0.00489921
          73   -0.425881   -0.396315  0.00484927
          74   -0.403995   -0.396419  0.00478485
          75   -0.391085   -0.396348  0.00472158
          76   -0.403721   -0.396445  0.00466045
          77   -0.474182   -0.397454  0.00470801
          78    -0.44471    -0.39806  0.00468647
          79   -0.401664   -0.398106  0.00462737
          80   -0.399359   -0.398121  0.00456955
          81   -0.418465   -0.398373  0.00452003
          82   -0.369739   -0.398023  0.00447838
          83   -0.383496   -0.397848  0.00442784
          84   -0.448414    -0.39845  0.00441586
          85   -0.368124   -0.398094   0.0043783
          86   -0.399185   -0.398106  0.00432741
          87   -0.386797   -0.397976  0.00427962
          88   -0.405583   -0.398063  0.00423186
          89   -0.442637   -0.398564  0.00421384
          90   -0.398803   -0.398566  0.00416702
          91   -0.357545   -0.398115  0.00414554
          92   -0.387051   -0.397995  0.00410223
          93   -0.401485   -0.398033  0.00405829
          94   -0.414678    -0.39821  0.00401898
          95   -0.349533   -0.397697   0.0040092
          96    -0.42833   -0.398016  0.00398011
          97   -0.463551   -0.398692  0.00399601
          98   -0.349111   -0.398186  0.00398714
          99   -0.398014   -0.398184  0.00394686
         100    -0.42498   -0.398452  0.00391648
