           1   -0.642825   -0.642825           0
           2   -0.690806   -0.666816   0.0169641
           3   -0.838787    -0.72414   0.0481517
           4   -0.782403   -0.738705   0.0382535
           5   -0.787814   -0.748527   0.0318387
           6   -0.780263   -0.753816    0.026968
           7   -0.724112   -0.749573   0.0234469
           8    -0.81444   -0.757681   0.0218732
           9   -0.744549   -0.756222   0.0194914
          10   -0.743179   -0.754918   0.0175859
          11   -0.809143   -0.759847   0.0166638
          12   -0.758766   -0.759757   0.0152754
          13   -0.639855   -0.750534   0.0166536
          14   -0.725555    -0.74875   0.0155594
          15   -0.749669   -0.748811   0.0145222
          16   -0.732344   -0.747782    0.013651
          17   -0.756668   -0.748305    0.012858
          18   -0.730327   -0.747306   0.0121824
          19   -0.705355   -0.745098   0.0117396
          20   -0.665531    -0.74112   0.0118075
          21   -0.772645   -0.742621   0.0113403
          22   -0.784998   -0.744547   0.0109872
          23   -0.682195   -0.741836   0.0108388
          24   -0.763741   -0.742749   0.0104255
          25   -0.766024    -0.74368     0.01005
          26    -0.71158   -0.742445  0.00973896
          27    -0.74466   -0.742527  0.00937861
          28   -0.760344   -0.743164  0.00906522
          29   -0.768681   -0.744043  0.00879522
          30   -0.702832    -0.74267  0.00860866
          31   -0.814875   -0.744999  0.00864032
          32   -0.731945   -0.744591  0.00837993
          33   -0.744069   -0.744575  0.00812601
          34   -0.718725   -0.743815   0.0079225
          35   -0.769731   -0.744555  0.00773066
          36   -0.800104   -0.746098  0.00766837
          37   -0.697893   -0.744795  0.00757099
          38   -0.645668   -0.742187  0.00780824
          39   -0.809255   -0.743907   0.0077951
          40   -0.710768   -0.743078  0.00764412
          41   -0.794373   -0.744329  0.00755937
          42   -0.737587   -0.744169  0.00738109
          43   -0.654354    -0.74208  0.00749915
          44   -0.802698   -0.743458  0.00745419
          45   -0.772574   -0.744105  0.00731657
          46   -0.732464   -0.743852  0.00716188
          47   -0.753012   -0.744046  0.00701216
          48   -0.716249   -0.743467  0.00688994
          49    -0.61559   -0.740858   0.0072267
          50    -0.86312   -0.743303  0.00748444
          51   -0.790517   -0.744229  0.00739472
          52   -0.758694   -0.744507  0.00725774
          53   -0.695302   -0.743578  0.00717994
          54   -0.786258   -0.744369  0.00709034
          55   -0.765686   -0.744756  0.00697201
          56   -0.822495   -0.746145  0.00698435
          57   -0.731244   -0.745883   0.0068667
          58   -0.751463   -0.745979  0.00674899
          59    -0.72227   -0.745578  0.00664655
          60   -0.812147   -0.746687  0.00662773
          61   -0.791488   -0.747421  0.00655964
          62    -0.70634   -0.746759  0.00648722
          63   -0.801987   -0.747635  0.00644321
          64   -0.732123   -0.747393  0.00634709
          65   -0.680157   -0.746359  0.00633317
          66   -0.819176   -0.747462  0.00633259
          67   -0.801118   -0.748263  0.00628851
          68   -0.746328   -0.748234  0.00619609
          69   -0.755075   -0.748333  0.00610709
          70   -0.784256   -0.748847  0.00604137
          71   -0.738615   -0.748703  0.00595799
          72   -0.719133   -0.748292  0.00588938
          73   -0.844587   -0.749611   0.0059546
          74   -0.724875   -0.749277  0.00588351
          75   -0.763234   -0.749463    0.005808
          76   -0.762398   -0.749633  0.00573408
          77   -0.799284   -0.750278  0.00569575
          78    -0.78324     -0.7507  0.00563838
          79   -0.743973   -0.750615  0.00556765
          80   -0.735135   -0.750422  0.00550142
          81   -0.837927   -0.751502  0.00553855
          82   -0.723531   -0.751161   0.0054815
          83   -0.755578   -0.751214  0.00541572
          84   -0.755259   -0.751262  0.00535146
          85   -0.693478   -0.750583  0.00533151
          86   -0.781554   -0.750943  0.00528166
          87   -0.701642   -0.750376  0.00525127
          88   -0.805958   -0.751008  0.00522944
          89    -0.77833   -0.751315  0.00517968
          90   -0.750779   -0.751309  0.00512214
          91   -0.675354   -0.750474   0.0051334
          92   -0.746534   -0.750431  0.00507779
          93   -0.768719   -0.750628  0.00502699
          94   -0.726707   -0.750373  0.00497995
          95   -0.652005   -0.749338  0.00503403
          96   -0.773874   -0.749593  0.00498807
          97   -0.860485   -0.750737  0.00506596
          98   -0.659673   -0.749807  0.00509878
          99   -0.734581   -0.749654  0.00504959
         100   -0.755742   -0.749714  0.00499946
