           0           1           1    0.793229   0.0394324
           0           1    0.594938   -0.170313  0.00697238
           1           1   -0.151711     10.2795    0.122693
           1           1    0.778719   0.0166623   0.0177481
           1           1    0.333339     1.15202   0.0134741
           1     1.16725    0.594938    0.261404   0.0128602
           1     1.64761    0.594938     3.79373   0.0527391
           1    0.923132    0.594938   -0.285521  0.00587549
           2    0.909316    0.594938   -0.298545  0.00540255
           3    0.399298    0.594938    0.319234  0.00746506
           3     1.22011    0.594938    0.436786  0.00998458
           3    0.634362    0.594938   -0.282911  0.00322135
           3    0.909316    0.986127    0.372154   0.0284104
           3     1.38085    0.594938     1.33218   0.0244084
           3    0.789496    0.594938   -0.381212  0.00327723
           4    0.820828    0.594938   -0.374672  0.00362618
           4    0.789496     0.28603     2.21508    0.024465
           4    0.605983    0.594938   -0.236685  0.00370237
           4    0.789496     0.84405    -0.17953   0.0133077
           4    0.789496    0.768624   -0.275803  0.00909033
           4    0.652893    0.594938   -0.304056  0.00334767
           4    0.789496    0.463755   0.0180755  0.00761999
           4    0.789496    0.235177     3.79587   0.0447594
           4     1.08081    0.594938  -0.0231666  0.00814512
           4     0.71029    0.594938   -0.349094  0.00381705
           4    0.789496     0.32314     1.49208   0.0185957
           4     1.05027    0.594938  -0.0795375  0.00714524
           4     1.16622    0.594938    0.253783   0.0100497
           4      0.4847    0.594938   0.0542654   0.0063607
           4    0.623739    0.594938   -0.261647  0.00356715
           4    0.657388    0.594938   -0.307392  0.00345452
           4    0.556954    0.594938   -0.134495  0.00423381
           4     1.17501    0.594938    0.303712   0.0134767
           4    0.789496    0.238203     3.67575   0.0389157
           4    0.789496    0.616295   -0.388772  0.00409356
           5    0.789496    0.428245    0.253229  0.00948922
           5    0.789496    0.372749    0.792831   0.0119406
           5    0.789496    0.373581    0.801301    0.010875
           5    0.470269    0.616295   0.0800606  0.00739273
           5    0.789496    0.471953  -0.0187993  0.00657566
           5     1.07222    0.616295  -0.0352533  0.00957224
           5    0.789496    0.546881   -0.306187  0.00382186
           5    0.817321    0.616295   -0.389525  0.00376984
           6    0.817321    0.741413   -0.316561  0.00823575
           6    0.817321    0.568654   -0.335523  0.00374969
           6    0.817321    0.706547    -0.36653  0.00659507
           6    0.817321    0.703889   -0.354456  0.00684387
           6    0.817321    0.496344   -0.130394  0.00554742
           6     0.60363    0.616295   -0.232656  0.00429327
           6    0.817321     0.69276   -0.364479  0.00583442
           6     1.07363    0.616295  -0.0111754   0.0099822
           0    0.817321    0.616295   -0.389749  0.00432838
           0    0.817321     0.51011   -0.182863   0.0046925
           0    0.817321    0.371633     0.81744   0.0130389
           0    0.817321    0.676516   -0.371257  0.00578993
           0    0.817321    0.530574   -0.262918  0.00443605
           0    0.872126    0.616295   -0.347557  0.00480903
           0     1.02953    0.616295   -0.124572  0.00805919
           0    0.792133    0.616295   -0.394341  0.00395328
           1    0.787606    0.616295   -0.389896  0.00364586
           1     0.58323    0.616295   -0.193546  0.00428071
           1    0.919435    0.616295   -0.311222   0.0050254
           1    0.679512    0.616295   -0.336836  0.00352451
           1    0.792133    0.776526   -0.266547  0.00948837
           1    0.985273    0.616295   -0.219245  0.00653791
           1    0.743055    0.616295   -0.390266   0.0029883
           1    0.808175    0.616295   -0.393808  0.00364233
           1    0.792133    0.458134   0.0555262  0.00725038
           1    0.698174    0.616295   -0.353292  0.00356346
           1    0.792133    0.743841   -0.325002  0.00718185
           1    0.792133    0.705222   -0.353657  0.00629125
           1    0.722192    0.616295   -0.371807  0.00309668
           1    0.792133    0.549129   -0.306137  0.00352968
           1    0.792133    0.432097    0.246329  0.00738852
           1    0.941285    0.616295   -0.284755  0.00639472
           1    0.751579    0.616295   -0.387714  0.00284791
           1    0.792133    0.477134  -0.0474668  0.00638859
           1    0.925648    0.616295      -0.304  0.00595497
           1    0.985018    0.616295   -0.222819  0.00710934
           1    0.636077    0.616295   -0.286292  0.00390446
           1    0.707265    0.616295   -0.363533  0.00365504
           1    0.724494    0.616295   -0.373445  0.00380927
           1    0.673071    0.616295   -0.333285  0.00319675
           1    0.989514    0.616295   -0.204339  0.00674192
           1    0.792133    0.433647    0.227536  0.00893278
           1    0.792133     0.62723    -0.39266  0.00399737
           1    0.792133    0.495943   -0.142252   0.0059415
           1    0.792133    0.460425   0.0447593  0.00788562
           1    0.792133    0.460958   0.0485128  0.00676077
           1    0.587828    0.616295   -0.191941  0.00457391
           1    0.792133    0.523916   -0.247259  0.00463412
           1    0.973076    0.616295   -0.235955  0.00657725
           1    0.792133     0.57187   -0.351387  0.00354482
           1    0.809941    0.616295   -0.396436   0.0033469
           2    0.809941     0.69637   -0.353176  0.00635153
           2    0.809941    0.585805   -0.363617  0.00403906
           2    0.809941    0.674056   -0.386291  0.00533025
           2    0.809941    0.672355   -0.380365  0.00568092
           2    0.809941    0.539526   -0.281324  0.00446003
           2    0.673179    0.616295   -0.331889  0.00377286
           2    0.809941    0.665232   -0.384164  0.00516587
           2     0.97398    0.616295   -0.228518  0.00638329
           0    0.809941    0.616295   -0.386794  0.00414681
           0    0.809941    0.548337   -0.302875  0.00413171
           0    0.809941    0.459712   0.0694606  0.00662605
           0    0.809941    0.654837   -0.389671  0.00495213
           1    0.809941    0.610948   -0.385101  0.00351092
           1    0.838001    0.654837     -0.3748   0.0058236
           1    0.918591    0.654837   -0.305983  0.00594847
           1    0.797045    0.654837   -0.391564  0.00479636
           2    0.794727    0.654837   -0.385678  0.00453381
           2    0.690086    0.654837   -0.341588  0.00413648
           2    0.862223    0.654837   -0.369098  0.00568097
           2    0.739383    0.654837    -0.37187  0.00515357
           2    0.797045    0.736875   -0.325464  0.00670246
           2    0.895933    0.654837   -0.341996  0.00634058
           2    0.771917    0.654837    -0.38623  0.00526464
           2    0.805258    0.654837    -0.39436  0.00421536
           3    0.805258    0.590054   -0.370301  0.00351178
           3    0.766773    0.654837   -0.387219  0.00432642
           3    0.805258    0.707079   -0.360547  0.00667988
           3    0.805258    0.691261   -0.374214  0.00569355
           3     0.77661    0.654837   -0.390385  0.00465012
           3    0.805258    0.627326   -0.389646  0.00523338
           3    0.805258    0.579389   -0.361457  0.00383752
           3    0.866351    0.654837   -0.367151    0.006143
           3    0.788647    0.654837   -0.382178  0.00527335
           3    0.805258    0.597837   -0.368553  0.00460757
           3    0.859946    0.654837   -0.371442  0.00567762
           3    0.884264    0.654837   -0.361246  0.00567755
           3    0.741338    0.654837   -0.379852  0.00418319
           3    0.770496    0.654837   -0.393136  0.00401079
           3    0.777553    0.654837   -0.383309  0.00526904
           3     0.75649    0.654837   -0.385304  0.00469518
           3    0.886105    0.654837   -0.337063  0.00659826
           3    0.805258    0.580024   -0.365898  0.00402117
           3    0.805258    0.659316   -0.388182  0.00499565
           3    0.805258     0.60554    -0.38053  0.00360832
           3    0.805258    0.590992    -0.37336  0.00388961
           3    0.805258    0.591211   -0.377078  0.00371256
           3    0.721575    0.654837   -0.363019  0.00454712
           3    0.805258    0.616998   -0.392907  0.00375936
           3    0.879372    0.654837   -0.360117  0.00533301
           3    0.805258     0.63664   -0.394095  0.00455335
           3    0.812552    0.654837   -0.389764  0.00484961
           3    0.805258    0.695835   -0.356168  0.00665001
           3    0.805258    0.639226   -0.391353  0.00453322
           3    0.805258     0.68441   -0.386883  0.00482168
           3    0.805258    0.683539   -0.380095  0.00542956
           3    0.805258    0.615531   -0.390897  0.00400868
           3    0.735236    0.654837   -0.378789    0.003711
           3    0.805258    0.679893   -0.372918  0.00512636
           3    0.889246    0.654837   -0.354931  0.00527353
           0    0.805258    0.654837   -0.390669  0.00521314
           0    0.805258    0.614331   -0.385047  0.00471253
           0    0.805258    0.561506   -0.332433   0.0041424
           0    0.805258     0.67781   -0.379881  0.00507581
           0    0.805258    0.622137   -0.389369  0.00464093
           0    0.826165    0.654837    -0.37791  0.00605528
           0    0.886209    0.654837   -0.342684  0.00601584
           0     0.79565    0.654837   -0.386496  0.00606753
           0    0.803099    0.654837    -0.38976  0.00478794
           0    0.705645    0.654837    -0.35592  0.00429579
           0     0.86596    0.654837   -0.362663  0.00634443
           0    0.751556    0.654837   -0.379413  0.00507815
           0    0.805258    0.731241   -0.319835  0.00746399
           0    0.897354    0.654837   -0.338198  0.00628002
           0    0.781856    0.654837   -0.392537  0.00453071
           1    0.787975    0.654837   -0.395618  0.00410523
           2    0.787975     0.60657   -0.386313    0.003407
           2    0.759301    0.654837   -0.384696   0.0036679
           2    0.787975    0.693761   -0.382187   0.0046496
           2    0.787975    0.681975   -0.375529  0.00507385
           2    0.766631    0.654837     -0.3878  0.00421016
           2    0.787975     0.63434   -0.391361  0.00445003
           2    0.787975    0.598624   -0.381438  0.00401343
           2    0.833493    0.654837   -0.384876  0.00499834
           2    0.775599    0.654837   -0.381471  0.00571356
           2    0.787975    0.612369   -0.388238  0.00428781
           2    0.828721    0.654837   -0.382718  0.00547767
           2    0.846839    0.654837   -0.379231    0.005703
           2    0.740351    0.654837   -0.379858  0.00442236
           2    0.762076    0.654837   -0.386703  0.00421931
           2    0.767333    0.654837   -0.379492  0.00498467
           2     0.75164    0.654837   -0.381449  0.00445495
           2    0.848211    0.654837   -0.374091  0.00435484
           2    0.787975    0.599097   -0.392077  0.00320667
           2    0.787975    0.658174   -0.390518  0.00443999
           2    0.787975    0.618108   -0.391501  0.00368276
           2    0.787975    0.607269   -0.387851  0.00400348
           2    0.787975    0.607432   -0.390743  0.00387254
           2    0.725626    0.654837   -0.365597  0.00460809
           2    0.787975    0.626645   -0.394124  0.00394825
           2    0.843195    0.654837   -0.378359  0.00662086
           2    0.787975     0.64128   -0.395291   0.0038442
           2     0.79341    0.654837   -0.395732  0.00395172
           3     0.79341    0.679274   -0.373665  0.00527425
           3     0.79341    0.645532   -0.394754  0.00408729
           3     0.79341    0.672464   -0.396612  0.00452114
           4     0.79341    0.686151    -0.38124  0.00558713
           4     0.79341    0.653722   -0.391366  0.00509852
           4     0.76002    0.672464   -0.379561  0.00469563
           4     0.79341    0.684412   -0.381104   0.0048631
           4    0.833458    0.672464   -0.382874  0.00566111
           0     0.79341    0.672464   -0.380355  0.00610269
           0     0.79341    0.652211    -0.39369  0.00457839
           1     0.79341    0.614878   -0.385852   0.0042625
           1     0.79341      0.6614   -0.387433  0.00428874
           1     0.79341    0.639131   -0.389574  0.00460558
           1    0.801773    0.652211    -0.38688   0.0050296
           1     0.82579    0.652211   -0.385208  0.00470822
           1    0.789567    0.652211   -0.390373   0.0046737
           1    0.792546    0.652211   -0.392056  0.00422192
           1    0.753565    0.652211   -0.384765  0.00564891
           1    0.817691    0.652211   -0.387352  0.00569704
           1    0.771929    0.652211   -0.382145  0.00548795
           1     0.79341    0.682773   -0.374696  0.00527382
           1    0.830249    0.652211   -0.387567  0.00471502
           1    0.784049    0.652211   -0.393984  0.00439682
           2    0.786497    0.652211   -0.393368  0.00402589
           2    0.784049    0.628077    -0.39539  0.00431494
           3     0.77258    0.628077   -0.390387  0.00373876
           3    0.784049    0.643647   -0.401582  0.00386241
           4    0.784049    0.652331   -0.392184  0.00460647
           4    0.777219    0.643647   -0.392716  0.00386259
           4    0.784049    0.637088   -0.391963  0.00413918
           4    0.784049    0.625659   -0.397384  0.00392985
           4    0.798615    0.643647   -0.394258  0.00472827
           4    0.780089    0.643647   -0.388088  0.00463038
           4    0.784049    0.630057   -0.392988  0.00411197
           4    0.797088    0.643647   -0.395848  0.00409309
           4    0.802886    0.643647   -0.391972  0.00440593
           4    0.768809    0.643647   -0.391108   0.0046729
           4    0.775761    0.643647   -0.392528  0.00413078
           4    0.777444    0.643647   -0.386762  0.00503971
           4    0.772422    0.643647   -0.391023  0.00427235
           4    0.803325    0.643647    -0.39172  0.00406035
           4    0.784049     0.62581   -0.399753  0.00313459
           4    0.784049    0.644715   -0.388374   0.0043802
           4    0.784049    0.631894   -0.395265  0.00396777
           4    0.784049    0.628425   -0.392325  0.00414075
           4    0.784049    0.628477   -0.398811  0.00421354
           4    0.764097    0.643647   -0.385869  0.00506743
           4    0.784049    0.634626   -0.391413  0.00396923
           4    0.801719    0.643647   -0.389091   0.0051889
           4    0.784049    0.639309   -0.391019  0.00414093
           4    0.785788    0.643647   -0.400305  0.00379226
           4    0.784049    0.653422   -0.385445  0.00443054
           4    0.784049    0.639925   -0.390624  0.00423708
           4    0.784049    0.650698   -0.395569  0.00435497
           4    0.784049     0.65049   -0.397632  0.00426636
           4    0.784049    0.634276   -0.393909  0.00432437
           4    0.767355    0.643647   -0.389566  0.00342323
           4    0.784049    0.649621   -0.387536  0.00481815
           4    0.804073    0.643647   -0.393964  0.00453964
           0    0.784049    0.643647   -0.398303  0.00501138
           0    0.784049    0.631495    -0.38972  0.00503419
           0    0.784049    0.615648   -0.381434  0.00510097
           0    0.784049    0.650539   -0.386306  0.00441954
           0    0.784049    0.633837   -0.399082  0.00366126
           1    0.789067    0.633837   -0.386358  0.00398555
           1    0.803477    0.633837   -0.393334  0.00382884
           1    0.781743    0.633837   -0.392763  0.00482959
           1    0.783531    0.633837   -0.393011  0.00388013
           1    0.760142    0.633837   -0.388521   0.0047126
           1    0.798618    0.633837   -0.399915   0.0038362
           2    0.788307    0.633837   -0.387475  0.00578688
           2    0.798618    0.648507   -0.391614  0.00383802
           2      0.8163    0.633837    -0.39436  0.00439669
           2    0.794124    0.633837   -0.399548  0.00378298
           2    0.800086    0.633837   -0.400466  0.00379223
           3    0.800086    0.622253   -0.389652  0.00342622
           3    0.793204    0.633837   -0.394974  0.00413116
           3    0.800086    0.643179   -0.394015  0.00431061
           3    0.800086     0.64035   -0.394712  0.00453555
           3    0.794964    0.633837   -0.389035  0.00429589
           3    0.800086    0.628918   -0.386838  0.00580306
           3    0.800086    0.620346   -0.394783  0.00431442
           3     0.81101    0.633837   -0.387954  0.00575432
           3    0.797116    0.633837   -0.388973  0.00479721
           3    0.800086    0.623645   -0.381819  0.00476662
           3    0.809865    0.633837    -0.39291  0.00452589
           3    0.814214    0.633837   -0.393144  0.00381829
           3    0.788656    0.633837   -0.397853  0.00428775
           3     0.79387    0.633837   -0.394372  0.00377536
           3    0.795132    0.633837    -0.39115   0.0045509
           3    0.791366    0.633837   -0.389347  0.00508835
           3    0.814543    0.633837   -0.391816  0.00442125
           3    0.800086    0.620459   -0.394205   0.0039984
           3    0.800086    0.634638   -0.393711  0.00436376
           3    0.800086    0.625022   -0.394779  0.00403206
           3    0.800086    0.622421   -0.390714  0.00433008
           3    0.800086     0.62246   -0.397515  0.00406759
           3    0.785122    0.633837   -0.391655  0.00507503
           3    0.800086    0.627071   -0.392566  0.00420303
           3    0.813339    0.633837   -0.391204  0.00415789
           3    0.800086    0.630583   -0.394213  0.00469998
           3    0.801391    0.633837   -0.399594  0.00389807
           3    0.800086    0.641168   -0.391282  0.00467117
           3    0.800086    0.631046   -0.396275  0.00472247
           3    0.800086    0.639125   -0.394513  0.00427163
           3    0.800086    0.638969    -0.39597   0.0040067
           3    0.800086    0.626809   -0.395936  0.00379436
           3    0.787565    0.633837   -0.393026   0.0042112
           3    0.800086    0.638317   -0.386105  0.00460798
           3    0.815105    0.633837   -0.391348  0.00420184
           0    0.800086    0.633837   -0.397173  0.00425803
           0    0.800086    0.627761    -0.39122   0.0047293
           0    0.800086    0.619837   -0.386034  0.00468487
           0    0.800086    0.637283   -0.392815  0.00476934
           0    0.800086    0.628932   -0.390701  0.00436517
           0    0.803222    0.633837   -0.387485  0.00453346
           0    0.812229    0.633837   -0.391517   0.0039397
           0    0.798645    0.633837    -0.39417  0.00478437
           0    0.799762    0.633837    -0.39334  0.00449598
           0    0.785144    0.633837   -0.389278  0.00528406
           0    0.809191    0.633837   -0.396821  0.00495868
           0    0.792031    0.633837   -0.392197  0.00511196
           0    0.800086    0.645298   -0.387988  0.00405165
           0      0.8139    0.633837   -0.392583  0.00443634
           0    0.796576    0.633837   -0.394257  0.00440886
           0    0.801233    0.633837   -0.398656  0.00371564
           1    0.801233    0.624787   -0.388127  0.00391694
           1    0.795857    0.633837   -0.390216  0.00450595
           1    0.801233    0.641135   -0.396579  0.00424462
           1    0.801233    0.638925   -0.392598  0.00475038
           1    0.797231    0.633837   -0.387398   0.0045419
           1    0.801233    0.629994   -0.389572  0.00515201
           1    0.801233    0.623297    -0.39607  0.00430596
           1    0.809768    0.633837   -0.392754  0.00468712
           1    0.798913    0.633837   -0.388307  0.00514552
           1    0.801233    0.625874   -0.383622  0.00438144
           1    0.808873    0.633837   -0.395826  0.00423057
           1     0.81227    0.633837   -0.391656  0.00429361
           1    0.792304    0.633837    -0.40028  0.00374276
           2    0.788419    0.633837    -0.39588  0.00402818
           2    0.789208    0.633837   -0.391367    0.004701
           2    0.786854    0.633837   -0.390859   0.0045184
           2    0.801339    0.633837   -0.390107  0.00402384
           2    0.792304    0.625476   -0.400803  0.00375371
           3    0.792304    0.625876   -0.391207  0.00440192
           3    0.792304    0.621069   -0.390926  0.00385998
           3    0.792304    0.619768   -0.389162  0.00448948
           3    0.792304    0.619787   -0.398184   0.0039085
           3    0.784822    0.625476    -0.39185  0.00464934
           3    0.792304    0.622093    -0.39326  0.00365667
           3     0.79893    0.625476   -0.392691  0.00386902
           3    0.792304    0.623849   -0.394928   0.0038788
           3    0.792956    0.625476   -0.393518  0.00423155
           3    0.792304    0.629142   -0.393917  0.00371695
           3    0.792304     0.62408   -0.393151  0.00445228
           3    0.792304     0.62812   -0.398333  0.00324898
           3    0.792304    0.628042   -0.395196  0.00363813
           3    0.792304    0.621962   -0.393219  0.00398318
           3    0.786043    0.625476   -0.391641  0.00428965
           3    0.792304    0.627716   -0.399064  0.00393689
           3    0.799813    0.625476   -0.393686  0.00387052
           0    0.792304    0.625476   -0.390342  0.00471998
           0    0.792304    0.622641   -0.390222  0.00444012
           0    0.792304    0.618943   -0.387765  0.00420584
           0    0.792304    0.627084   -0.387829  0.00434012
           0    0.792304    0.623187   -0.391915  0.00403162
           1    0.793475    0.623187   -0.387932  0.00386454
           1    0.796837    0.623187   -0.396757  0.00385934
           2    0.796407    0.623187   -0.396951  0.00425813
           3    0.796329    0.623187   -0.396446  0.00331869
           3    0.792837    0.623187   -0.392911  0.00424347
           3    0.798582    0.623187   -0.400416  0.00388378
           4    0.797043    0.623187   -0.392196  0.00455345
           4    0.798582    0.625378   -0.392117   0.0041152
           4    0.801223    0.623187   -0.397481  0.00386926
           4    0.797911    0.623187   -0.399006  0.00346445
           4    0.798802    0.623187   -0.400477  0.00321722
           5    0.798802    0.621457    -0.39312  0.00408748
           5    0.797774    0.623187   -0.389709  0.00407982
           5    0.798802    0.624582   -0.393552  0.00418383
           5    0.798802     0.62416   -0.389878  0.00493792
           5    0.798037    0.623187   -0.388073  0.00430905
           5    0.798802    0.622452   -0.389851  0.00446916
           5    0.798802    0.621172   -0.392915   0.0042799
           5    0.800433    0.623187   -0.395407  0.00417928
           5    0.798358    0.623187   -0.387673  0.00467254
           5    0.798802    0.621665   -0.384793  0.00456251
           5    0.800262    0.623187   -0.388898  0.00424811
           5    0.800911    0.623187   -0.392659  0.00404363
           5    0.797095    0.623187    -0.39065  0.00387334
           5    0.797873    0.623187   -0.390099  0.00383998
           5    0.798062    0.623187   -0.387437  0.00413575
           5    0.797499    0.623187   -0.389879  0.00390719
           5    0.800961    0.623187   -0.387745  0.00397247
           5    0.798802    0.621189    -0.39656  0.00362905
           5    0.798802    0.623307   -0.393295  0.00386949
           5    0.798802    0.621871   -0.394843    0.004033
           5    0.798802    0.621482   -0.383616  0.00415494
           5    0.798802    0.621488   -0.396607  0.00360912
           5    0.796567    0.623187    -0.38868  0.00454447
           5    0.798802    0.622177   -0.392344  0.00395266
           5    0.800781    0.623187    -0.39127  0.00397935
           5    0.798802    0.622701   -0.393107  0.00380861
           5    0.798996    0.623187   -0.390863  0.00369833
           5    0.798802    0.624282    -0.38553  0.00392905
           5    0.798802     0.62277   -0.392349  0.00398099
           5    0.798802    0.623977   -0.393624  0.00365446
           5    0.798802    0.623953   -0.398644  0.00341228
           5    0.798802    0.622137   -0.394614  0.00390966
           5    0.796932    0.623187   -0.394115  0.00366818
           5    0.798802    0.623856   -0.390515  0.00388543
           5    0.801044    0.623187    -0.39268  0.00436505
