0 -0.807161 0.00367991
1 -0.799452 0.00370173
2 -0.794492 0.00371208
3 -0.788938 0.00396077
4 -0.785221 0.00346618
5 -0.779333 0.00344293
6 -0.782732 0.0036733
7 -0.784274 0.00393139
8 -0.779737 0.0035119
9 -0.782126 0.00427065
10 -0.778494 0.00367632
11 -0.776378 0.00311072
12 -0.77417 0.00238531
13 -0.771547 0.00338271
14 -0.766886 0.00351245
15 -0.768642 0.00313746
16 -0.767759 0.0029454
17 -0.771816 0.00305306
18 -0.778081 0.00320803
19 -0.782535 0.00304352
20 -0.778402 0.00398916
21 -0.783087 0.00395374
22 -0.785024 0.00397839
23 -0.782871 0.00398059
24 -0.778552 0.00471788
25 -0.780094 0.00408965
26 -0.774655 0.004753
27 -0.77504 0.0039154
28 -0.778165 0.0037301
29 -0.777483 0.00317412
30 -0.777359 0.00284588
31 -0.771503 0.00284815
32 -0.77241 0.00346963
33 -0.773239 0.0033127
34 -0.772257 0.00348163
35 -0.773865 0.00327125
36 -0.773381 0.00385326
37 -0.773513 0.00355034
38 -0.775443 0.00333135
39 -0.775045 0.00343904
40 -0.775796 0.00251113
41 -0.779945 0.00297665
42 -0.777755 0.00288328
43 -0.779945 0.00313938
44 -0.777208 0.00340245
45 -0.776439 0.00342357
46 -0.781359 0.0038096
47 -0.78192 0.00366287
48 -0.781651 0.00404143
49 -0.781671 0.00387171
50 -0.781794 0.00344446
51 -0.781335 0.00396133
52 -0.778309 0.00333567
53 -0.777561 0.00363988
54 -0.776978 0.00425275
55 -0.778747 0.00411781
56 -0.776767 0.00402077
57 -0.77554 0.0039881
58 -0.775795 0.0028526
59 -0.777227 0.00306164
60 -0.775008 0.0032283
61 -0.775913 0.00333878
62 -0.77635 0.00369162
63 -0.7749 0.00283919
64 -0.772001 0.00288406
65 -0.768217 0.00305818
66 -0.767248 0.00345439
67 -0.770401 0.00406201
68 -0.771985 0.00410293
69 -0.77378 0.00453068
70 -0.775589 0.00485111
71 -0.777789 0.00439827
72 -0.780864 0.00415088
73 -0.778463 0.00359257
74 -0.779519 0.00330738
75 -0.777653 0.00380792
76 -0.78112 0.00401324
77 -0.778836 0.00457305
78 -0.781817 0.00351583
79 -0.784925 0.00406248
80 -0.781643 0.00418464
81 -0.782954 0.00368973
82 -0.782217 0.00376187
83 -0.784978 0.00333441
84 -0.781194 0.00329419
85 -0.779552 0.00330063
86 -0.778181 0.00341012
87 -0.775596 0.00296937
88 -0.776471 0.00287143
89 -0.77555 0.00321263
90 -0.774936 0.00298085
91 -0.773762 0.00345204
92 -0.774071 0.00326952
93 -0.77289 0.00324544
94 -0.77174 0.0023953
95 -0.771234 0.00262853
96 -0.771327 0.00319373
97 -0.774355 0.00361922
98 -0.774873 0.0027265
99 -0.77544 0.00206281
100 -0.775921 0.00221665
101 -0.779794 0.00329073
102 -0.780433 0.00316873
103 -0.779336 0.00366867
104 -0.77771 0.0032486
105 -0.777489 0.00273703
106 -0.777277 0.00356475
107 -0.773305 0.0032916
108 -0.770875 0.00336876
109 -0.774437 0.00342937
110 -0.775987 0.00277489
111 -0.775237 0.00351688
112 -0.776162 0.00369304
113 -0.776332 0.00352532
114 -0.778024 0.00370859
115 -0.779942 0.00315272
116 -0.782729 0.00277493
117 -0.779838 0.00339961
118 -0.780745 0.00331472
119 -0.780777 0.0032377
120 -0.783562 0.00296933
121 -0.779365 0.00308184
122 -0.77664 0.00360901
123 -0.777199 0.00473536
124 -0.778893 0.00409837
125 -0.78198 0.00449091
126 -0.781046 0.00420158
127 -0.781429 0.00441002
128 -0.782863 0.00451777
129 -0.783353 0.00386508
130 -0.782618 0.00400769
131 -0.78276 0.00341627
132 -0.782205 0.00305117
133 -0.777896 0.00309023
134 -0.77693 0.00352186
135 -0.779062 0.00411307
136 -0.781507 0.00437294
137 -0.778089 0.00424401
138 -0.776096 0.00364587
139 -0.774756 0.00424176
140 -0.774102 0.00388965
141 -0.772102 0.00327665
142 -0.76996 0.00403095
143 -0.772483 0.00380485
144 -0.771855 0.00336692
145 -0.771062 0.00283559
146 -0.773506 0.00343428
147 -0.773794 0.00344349
148 -0.773587 0.00351329
149 -0.771211 0.00320209
150 -0.774757 0.00252023
151 -0.775448 0.00323374
152 -0.778937 0.0030288
153 -0.780338 0.00345318
154 -0.780401 0.00326293
155 -0.780682 0.00314536
156 -0.777809 0.00313914
157 -0.774889 0.00303501
158 -0.774285 0.00309239
159 -0.775429 0.00295316
160 -0.774191 0.00329595
161 -0.777179 0.00436932
162 -0.777136 0.00454217
163 -0.77541 0.00371603
164 -0.775508 0.00339601
165 -0.777912 0.00486142
166 -0.77878 0.00479719
167 -0.778584 0.00415564
168 -0.779991 0.00482307
169 -0.780329 0.00466463
170 -0.78269 0.00343589
171 -0.783326 0.00320742
172 -0.781854 0.00268346
173 -0.782223 0.00247299
174 -0.779471 0.0024281
175 -0.777808 0.00353767
176 -0.782008 0.00326574
177 -0.779191 0.00302197
178 -0.780421 0.00225266
179 -0.779735 0.00294984
180 -0.779292 0.00314851
181 -0.776675 0.00285606
182 -0.776796 0.00358894
183 -0.779484 0.00358188
184 -0.778854 0.00368759
185 -0.777431 0.00376807
186 -0.777721 0.00392966
187 -0.776887 0.00407257
188 -0.778236 0.00399235
189 -0.781215 0.00467718
190 -0.781377 0.00391069
191 -0.783397 0.0033013
192 -0.780644 0.00361435
193 -0.780548 0.0040703
194 -0.780551 0.00399396
195 -0.779652 0.00403122
196 -0.77908 0.00317918
197 -0.78067 0.00341664
198 -0.779847 0.00412257
199 -0.776527 0.00399778
200 -0.776764 0.0037668
201 -0.779205 0.00366796
202 -0.77737 0.00357684
203 -0.776482 0.00311666
204 -0.778744 0.00339442
205 -0.779481 0.00318239
206 -0.777964 0.00367279
207 -0.780054 0.00364909
208 -0.779014 0.00282844
209 -0.775565 0.00290114
210 -0.779675 0.00300814
211 -0.781468 0.00303368
212 -0.778259 0.00332867
213 -0.782666 0.00287748
214 -0.78322 0.00303701
215 -0.782125 0.00303422
216 -0.779767 0.00353339
217 -0.78124 0.00358072
218 -0.785747 0.00379357
219 -0.787588 0.00459705
220 -0.784577 0.00478619
221 -0.782103 0.00370451
222 -0.780242 0.00355709
223 -0.778854 0.00313705
224 -0.776787 0.00380752
225 -0.778189 0.00432123
226 -0.780177 0.00414062
227 -0.781216 0.00310121
228 -0.780953 0.00313346
229 -0.77909 0.00266767
230 -0.779453 0.00432295
231 -0.780098 0.00362249
232 -0.776701 0.00365964
233 -0.774766 0.0043822
234 -0.775747 0.00429166
235 -0.778093 0.00427947
236 -0.777194 0.00532795
237 -0.781697 0.00538411
238 -0.780914 0.00531574
239 -0.778006 0.00466824
240 -0.780015 0.0038993
241 -0.779918 0.00373776
242 -0.779603 0.00303219
243 -0.781073 0.00275225
244 -0.780869 0.00275243
245 -0.776421 0.00359303
246 -0.777182 0.0038575
247 -0.779389 0.00378347
248 -0.779578 0.00328337
249 -0.77797 0.00369382
250 -0.77798 0.00401737
251 -0.774851 0.00372049
252 -0.77464 0.00375588
253 -0.775467 0.00349209
254 -0.774772 0.00392796
255 -0.775559 0.0038315
256 -0.77406 0.00364049
257 -0.773376 0.00393305
258 -0.773724 0.00389073
259 -0.77054 0.00378681
260 -0.7726 0.00364873
261 -0.773607 0.00353313
262 -0.774762 0.00339741
263 -0.776695 0.00364599
264 -0.775826 0.00295893
265 -0.778619 0.00271347
266 -0.778334 0.00279086
267 -0.773293 0.00301177
268 -0.771552 0.00365979
269 -0.773723 0.00303907
270 -0.776203 0.00322546
271 -0.775878 0.00365384
272 -0.770481 0.00402995
273 -0.767999 0.00482525
274 -0.767702 0.00413559
275 -0.766485 0.00490963
276 -0.7651 0.0041926
277 -0.764095 0.00366846
278 -0.762762 0.00374868
279 -0.765738 0.00456568
280 -0.768373 0.00419722
281 -0.769546 0.0037544
282 -0.768644 0.00306818
283 -0.768567 0.00334707
284 -0.772101 0.00407618
285 -0.771064 0.0041299
286 -0.76916 0.00305284
287 -0.771089 0.00396052
288 -0.770544 0.00275151
289 -0.771064 0.00346275
290 -0.770588 0.00398403
291 -0.776225 0.00336825
292 -0.777239 0.00334541
293 -0.778158 0.00360486
294 -0.778801 0.0031173
295 -0.78249 0.00280255
296 -0.784959 0.00297603
297 -0.791687 0.00337407
298 -0.797431 0.00406096
299 -0.804431 0.00321435
