-3.99 0 0
-3.97 0 0
-3.95 0 0
-3.93 0 0
-3.91 0 0
-3.89 0 0
-3.87 0 0
-3.85 0 0
-3.83 0 0
-3.81 0 0
-3.79 0 0
-3.77 0 0
-3.75 0 0
-3.73 0 0
-3.71 0 0
-3.69 0 0
-3.67 0 0
-3.65 0 0
-3.63 0 0
-3.61 0 0
-3.59 0 0
-3.57 0 0
-3.55 0 0
-3.53 0 0
-3.51 0 0
-3.49 0 0
-3.47 0 0
-3.45 0 0
-3.43 0 0
-3.41 0 0
-3.39 0 0
-3.37 0 0
-3.35 0 0
-3.33 0 0
-3.31 0 0
-3.29 0 0
-3.27 0 0
-3.25 0 0
-3.23 0 0
-3.21 0 0
-3.19 0 0
-3.17 0 0
-3.15 0 0
-3.13 0 0
-3.11 0 0
-3.09 0 0
-3.07 0 0
-3.05 0 0
-3.03 0 0
-3.01 0 0
-2.99 0 0
-2.97 0 0
-2.95 0 0
-2.93 0 0
-2.91 0 0
-2.89 0 0
-2.87 0 0
-2.85 0 0
-2.83 0 0
-2.81 0 0
-2.79 0 0
-2.77 1.02459e-05 9.98647e-06
-2.75 0 0
-2.73 1.02459e-05 9.98647e-06
-2.71 0 0
-2.69 1.02459e-05 9.98647e-06
-2.67 0 0
-2.65 0 0
-2.63 0 0
-2.61 0 0
-2.59 0 0
-2.57 3.07377e-05 1.63614e-05
-2.55 4.09836e-05 2.33643e-05
-2.53 1.02459e-05 9.98647e-06
-2.51 1.02459e-05 9.98647e-06
-2.49 3.07377e-05 2.18553e-05
-2.47 3.07377e-05 1.63614e-05
-2.45 2.04918e-05 1.37463e-05
-2.43 4.09836e-05 2.33643e-05
-2.41 7.17213e-05 2.99594e-05
-2.39 3.07377e-05 1.63614e-05
-2.37 0.000102459 3.07377e-05
-2.35 0.000133197 4.41288e-05
-2.33 0.000215164 5.51283e-05
-2.31 0.00017418 4.64468e-05
-2.29 0.000317623 6.55658e-05
-2.27 0.000522541 7.16847e-05
-2.25 0.000471311 8.4614e-05
-2.23 0.000788934 0.000139942
-2.21 0.000665984 9.70661e-05
-2.19 0.000860656 8.88503e-05
-2.17 0.000952869 0.00010274
-2.15 0.00152664 0.000186394
-2.13 0.00179303 0.000117605
-2.11 0.00202869 0.000193265
-2.09 0.00232582 0.000181138
-2.07 0.00324795 0.000305759
-2.05 0.00338115 0.000340898
-2.03 0.00438525 0.000309894
-2.01 0.00566598 0.000358833
-1.99 0.00683402 0.000435005
-1.97 0.00755123 0.000318868
-1.95 0.00904713 0.00037959
-1.93 0.0103074 0.000409093
-1.91 0.0122439 0.000498771
-1.89 0.0145492 0.00048232
-1.87 0.016332 0.000545271
-1.85 0.0184939 0.000520805
-1.83 0.0219262 0.000659887
-1.81 0.024252 0.000787706
-1.79 0.0280943 0.000796667
-1.77 0.0314652 0.000752007
-1.75 0.035082 0.00106
-1.73 0.0398156 0.00104509
-1.71 0.0460348 0.000972257
-1.69 0.0499898 0.00124533
-1.67 0.0559324 0.00117596
-1.65 0.0615676 0.0014475
-1.63 0.0681148 0.00115433
-1.61 0.0757787 0.00129176
-1.59 0.0834119 0.00146423
-1.57 0.0923463 0.00183903
-1.55 0.0993033 0.00191389
-1.53 0.108596 0.00197225
-1.51 0.118166 0.00215755
-1.49 0.12707 0.00179165
-1.47 0.138535 0.00233298
-1.45 0.14626 0.00209207
-1.43 0.156301 0.0024408
-1.41 0.169682 0.00320313
-1.39 0.175932 0.00223405
-1.37 0.187203 0.00272084
-1.35 0.198412 0.0028833
-1.33 0.212244 0.00300779
-1.31 0.223811 0.00309845
-1.29 0.232367 0.00304762
-1.27 0.244283 0.00260636
-1.25 0.250338 0.00402567
-1.23 0.268176 0.00291899
-1.21 0.277039 0.00338427
-1.19 0.286885 0.00378813
-1.17 0.292029 0.00340894
-1.15 0.307295 0.00441113
-1.13 0.318227 0.00461497
-1.11 0.324221 0.00336564
-1.09 0.334477 0.00339447
-1.07 0.341609 0.00391097
-1.05 0.342664 0.00469523
-1.03 0.355727 0.00443603
-1.01 0.356311 0.00415275
-0.99 0.362756 0.00397282
-0.97 0.370584 0.00541718
-0.95 0.370625 0.00314395
-0.93 0.380789 0.00358029
-0.91 0.381004 0.00374129
-0.89 0.385861 0.00459016
-0.87 0.385369 0.00452691
-0.85 0.384918 0.00392236
-0.83 0.387705 0.00363067
-0.81 0.392408 0.00392322
-0.79 0.387213 0.00343522
-0.77 0.394324 0.00292732
-0.75 0.392756 0.00430516
-0.73 0.391537 0.0039516
-0.71 0.387439 0.00325791
-0.69 0.385666 0.00314539
-0.67 0.389109 0.00278592
-0.65 0.37834 0.00371592
-0.63 0.376158 0.00308554
-0.61 0.378617 0.00300986
-0.59 0.377377 0.00361503
-0.57 0.372602 0.00381566
-0.55 0.36543 0.00276617
-0.53 0.364734 0.00327423
-0.51 0.363791 0.00339991
-0.49 0.361025 0.0037823
-0.47 0.352828 0.00309377
-0.45 0.351844 0.00354638
-0.43 0.347531 0.00306469
-0.41 0.349119 0.00298562
-0.39 0.338463 0.00357443
-0.37 0.335041 0.00266102
-0.35 0.333791 0.00311293
-0.33 0.331486 0.00239005
-0.31 0.326947 0.00229588
-0.29 0.32292 0.00280387
-0.27 0.326352 0.00302007
-0.25 0.321783 0.00238274
-0.23 0.318842 0.0030493
-0.21 0.313689 0.00270036
-0.19 0.315031 0.00242931
-0.17 0.309887 0.0029099
-0.15 0.309631 0.00306786
-0.13 0.309775 0.00226886
-0.11 0.309057 0.0030419
-0.09 0.310963 0.00196927
-0.07 0.305092 0.00187112
-0.05 0.304785 0.0027661
-0.03 0.305594 0.00213031
-0.01 0.305113 0.00158897
0.01 0.304529 0.00252299
0.03 0.301342 0.00267845
0.05 0.303535 0.0028385
0.07 0.307951 0.00255851
0.09 0.30374 0.00248052
0.11 0.307213 0.0031348
0.13 0.30667 0.00280747
0.15 0.310051 0.00245729
0.17 0.313012 0.00248101
0.19 0.31167 0.00244791
0.21 0.310379 0.0025462
0.23 0.315717 0.0027216
0.25 0.316967 0.00264581
0.27 0.321332 0.00231761
0.29 0.321025 0.00336273
0.31 0.323678 0.0027814
0.33 0.328033 0.00280433
0.35 0.331998 0.00276652
0.37 0.333074 0.00213491
0.39 0.334242 0.00218504
0.41 0.343432 0.00271064
0.43 0.344416 0.00297025
0.45 0.350389 0.00321117
0.47 0.354129 0.00271071
0.49 0.351619 0.00263783
0.51 0.358484 0.00357329
0.53 0.363586 0.00299454
0.55 0.363893 0.00293124
0.57 0.368299 0.0037442
0.59 0.376189 0.00386846
0.61 0.380051 0.00395739
0.63 0.37665 0.00303879
0.65 0.379641 0.00385816
0.67 0.38876 0.00345076
0.69 0.38585 0.00328548
0.71 0.385932 0.00419377
0.73 0.38791 0.00408623
0.75 0.387982 0.00341015
0.77 0.390369 0.00461437
0.79 0.390369 0.00383364
0.81 0.390543 0.00446947
0.83 0.389375 0.0046432
0.85 0.387982 0.00454064
0.87 0.384518 0.00382493
0.89 0.383279 0.00421637
0.91 0.382971 0.00407575
0.93 0.377182 0.00379069
0.95 0.369365 0.00325605
0.97 0.371834 0.00386678
0.99 0.366598 0.00348529
1.01 0.359457 0.00329801
1.03 0.350871 0.00416145
1.05 0.344129 0.00448401
1.07 0.337807 0.00358801
1.09 0.329754 0.00257637
1.11 0.324139 0.00360104
1.13 0.314723 0.00311608
1.15 0.309078 0.00293216
1.17 0.294662 0.0023421
1.19 0.281814 0.003609
1.21 0.272172 0.00291915
1.23 0.268115 0.00345791
1.25 0.253699 0.00316416
1.27 0.243934 0.00337208
1.29 0.231086 0.00226697
1.31 0.222439 0.00301747
1.33 0.208822 0.00289905
1.35 0.199713 0.0022467
1.37 0.188402 0.00238896
1.39 0.178258 0.00214435
1.41 0.164211 0.00181282
1.43 0.155717 0.00209843
1.45 0.14709 0.0021504
1.47 0.138207 0.00204485
1.49 0.128361 0.00193506
1.51 0.119242 0.00198891
1.53 0.105553 0.00148377
1.55 0.0996619 0.00156654
1.57 0.0901844 0.00160968
1.59 0.0833504 0.00153613
1.61 0.0765676 0.00123183
1.63 0.0688627 0.00127086
1.65 0.0622643 0.00114418
1.67 0.0549795 0.00101233
1.69 0.0494467 0.00103032
1.71 0.0443238 0.00101316
1.73 0.0400512 0.000910846
1.75 0.0351127 0.00100611
1.77 0.0310041 0.00082746
1.79 0.0278689 0.000857234
1.81 0.0240061 0.00074834
1.83 0.0213525 0.000866442
1.85 0.0182582 0.000675903
1.87 0.0154918 0.000548783
1.89 0.0145492 0.000532787
1.91 0.0121824 0.000543608
1.93 0.0110348 0.000334298
1.95 0.00914959 0.000434763
1.97 0.00797131 0.000423417
1.99 0.00644467 0.000324158
2.01 0.00559426 0.000218841
2.03 0.00443648 0.00025441
2.05 0.00364754 0.000230749
2.07 0.00319672 0.000236501
2.09 0.0026332 0.000176441
2.11 0.0022541 0.000164574
2.13 0.00199795 0.000158646
2.15 0.00127049 0.000171202
2.17 0.000983607 0.000111863
2.19 0.000942623 8.49854e-05
2.21 0.00085041 0.000114346
2.23 0.000665984 7.6502e-05
2.25 0.000563525 7.6502e-05
2.27 0.000368852 7.47319e-05
2.29 0.000379098 6.36154e-05
2.31 0.000194672 3.6871e-05
2.33 0.00017418 5.66312e-05
2.35 0.000153689 3.51212e-05
2.37 9.22131e-05 3.6871e-05
2.39 6.14754e-05 2.55121e-05
2.41 6.14754e-05 2.55121e-05
2.43 5.12295e-05 2.45688e-05
2.45 5.12295e-05 2.45688e-05
2.47 4.09836e-05 2.33643e-05
2.49 0 0
2.51 1.02459e-05 9.98647e-06
2.53 0 0
2.55 0 0
2.57 1.02459e-05 9.98647e-06
2.59 0 0
2.61 0 0
2.63 1.02459e-05 9.98647e-06
2.65 0 0
2.67 2.04918e-05 1.37463e-05
2.69 0 0
2.71 0 0
2.73 1.02459e-05 9.98647e-06
2.75 0 0
2.77 0 0
2.79 0 0
2.81 0 0
2.83 0 0
2.85 0 0
2.87 0 0
2.89 0 0
2.91 0 0
2.93 0 0
2.95 0 0
2.97 0 0
2.99 0 0
3.01 0 0
3.03 0 0
3.05 0 0
3.07 0 0
3.09 0 0
3.11 0 0
3.13 0 0
3.15 0 0
3.17 0 0
3.19 0 0
3.21 0 0
3.23 0 0
3.25 0 0
3.27 0 0
3.29 0 0
3.31 0 0
3.33 0 0
3.35 0 0
3.37 0 0
3.39 0 0
3.41 0 0
3.43 0 0
3.45 0 0
3.47 0 0
3.49 0 0
3.51 0 0
3.53 0 0
3.55 0 0
3.57 0 0
3.59 0 0
3.61 0 0
3.63 0 0
3.65 0 0
3.67 0 0
3.69 0 0
3.71 0 0
3.73 0 0
3.75 0 0
3.77 0 0
3.79 0 0
3.81 0 0
3.83 0 0
3.85 0 0
3.87 0 0
3.89 0 0
3.91 0 0
3.93 0 0
3.95 0 0
3.97 0 0
3.99 0 0
