           1     1.82655     1.82655           0
           2     1.85826     1.84241   0.0112114
           3     1.88531     1.85671   0.0138633
           4     1.91614     1.87156   0.0165432
           5     1.92951     1.88315   0.0168102
           6     1.93476     1.89175   0.0160592
           7     1.89664     1.89245   0.0137802
           8     1.93512     1.89778   0.0130489
           9     1.91494     1.89969   0.0117375
          10     1.88853     1.89858   0.0106167
          11     1.87958     1.89685    0.009791
          12     1.89472     1.89667  0.00897669
          13      1.8772     1.89517  0.00841025
          14     1.86318     1.89289  0.00811401
          15     1.88742     1.89252  0.00758125
          16     1.84147     1.88933  0.00774995
          17     1.83455     1.88611  0.00793588
          18     1.85417     1.88434  0.00769086
          19     1.87729     1.88396  0.00729502
          20     1.86705     1.88312   0.0069791
          21     1.87031     1.88251  0.00667337
          22     1.85823     1.88141   0.0064606
          23     1.86267     1.88059  0.00623087
          24     1.89232     1.88108  0.00599037
          25     1.89597     1.88167  0.00578028
          26     1.85768     1.88075  0.00563115
          27     1.85035     1.87963  0.00553405
          28     1.88777     1.87992  0.00534404
          29     1.88319     1.88003  0.00516096
          30     1.87695     1.87993  0.00498995
          31     1.85252     1.87904  0.00490669
          32     1.85389     1.87826  0.00481588
          33     1.85439     1.87753  0.00472393
          34     1.87086     1.87734  0.00458907
          35     1.89418     1.87782  0.00448311
          36     1.91609     1.87888  0.00448287
          37     1.89353     1.87928  0.00437917
          38     1.88299     1.87938  0.00426501
          39     1.86269     1.87895  0.00417705
          40     1.91792     1.87992  0.00418471
          41     1.93297     1.88122  0.00427798
          42     1.90837     1.88186  0.00422469
          43     1.89819     1.88224  0.00414347
          44     1.86789     1.88192  0.00406211
          45     1.83348     1.88084  0.00411198
          46     1.88922     1.88102  0.00402662
          47     1.91455     1.88173  0.00400366
          48     1.92732     1.88268  0.00403133
          49     1.96626     1.88439  0.00429477
          50     1.88389     1.88438  0.00420889
