           0    0.064633           0           0
           1    0.129266           0           0
           2    0.193899           0           0
           3    0.258532           0           0
           4    0.323165           0           0
           5    0.387798           0           0
           6    0.452431           0           0
           7    0.517064           0           0
           8    0.581697           0           0
           9     0.64633           0           0
          10    0.710963           0           0
          11    0.775596           0           0
          12     0.84023           0           0
          13    0.904863 0.000570883 0.000354205
          14    0.969496    0.137214  0.00800892
          15     1.03413    0.940591    0.023067
          16     1.09876     1.72117   0.0322381
          17     1.16339     1.93509   0.0414508
          18     1.22803     1.80116    0.034176
          19     1.29266     1.58265   0.0332655
          20     1.35729     1.42634    0.030578
          21     1.42193     1.27079   0.0213805
          22     1.48656     1.17523   0.0186171
          23     1.55119     1.10263   0.0176382
          24     1.61583     1.07316   0.0167432
          25     1.68046     1.04239   0.0164523
          26     1.74509     1.00098   0.0150045
          27     1.80973     1.00147   0.0153478
          28     1.87436    0.999709   0.0139834
          29     1.93899     1.00737   0.0153166
          30     2.00362    0.982669   0.0144715
          31     2.06826     1.00259   0.0160631
          32     2.13289    0.994275   0.0151659
          33     2.19752    0.991333    0.014433
          34     2.26216    0.976834    0.013802
          35     2.32679    0.980537   0.0143026
          36     2.39142    0.979776   0.0131621
          37     2.45606     1.00351   0.0118745
          38     2.52069    0.975918   0.0114104
          39     2.58532    0.979876   0.0144566
          40     2.64995    0.973616   0.0133286
          41     2.71459    0.976878   0.0117199
          42     2.77922    0.980713    0.012965
          43     2.84385    0.977868   0.0102718
          44     2.90849     0.95384   0.0122777
          45     2.97312    0.958858  0.00945759
          46     3.03775    0.957745   0.0110239
          47     3.10239    0.965096  0.00871668
          48     3.16702    0.964093  0.00858047
          49     3.23165    0.962916  0.00931766
          50     3.29629    0.956617  0.00965161
          51     3.36092    0.957698  0.00765509
          52     3.42555    0.970394  0.00952072
          53     3.49018    0.973875   0.0102824
          54     3.55482    0.970722   0.0100435
          55     3.61945    0.972067   0.0100677
          56     3.68408    0.975052   0.0102997
          57     3.74872     0.96663  0.00997612
          58     3.81335    0.966901  0.00958809
          59     3.87798    0.955177  0.00996114
          60     3.94262    0.968392  0.00975059
          61     4.00725    0.958638  0.00841495
          62     4.07188    0.952175  0.00814076
          63     4.13651    0.950278  0.00802758
          64     4.20115    0.969032  0.00777541
          65     4.26578    0.970081  0.00596041
          66     4.33041    0.960282  0.00728216
          67     4.39505    0.954866  0.00737478
          68     4.45968    0.956847  0.00792673
          69     4.52431    0.959588  0.00721776
          70     4.58895    0.951838  0.00739145
          71     4.65358    0.949993  0.00750522
          72     4.71821    0.952234  0.00714049
          73     4.78285    0.948691  0.00622037
          74     4.84748    0.957202  0.00686077
          75     4.91211    0.956797  0.00648313
          76     4.97674    0.956911  0.00638309
          77     5.04138    0.958295  0.00494202
          78     5.10601     0.95768  0.00554746
          79     5.17064    0.961785  0.00585653
          80     5.23528    0.959315   0.0067206
          81     5.29991    0.962565  0.00575962
          82     5.36454     0.96201  0.00528304
          83     5.42918    0.964129  0.00555302
          84     5.49381    0.960937  0.00569327
          85     5.55844    0.955086  0.00552754
          86     5.62307    0.953102  0.00532843
          87     5.68771    0.952291  0.00615529
          88     5.75234    0.960319   0.0057094
          89     5.81697    0.960951  0.00709091
          90     5.88161    0.965538  0.00611758
          91     5.94624    0.963246  0.00540328
          92     6.01087     0.95982   0.0051598
          93     6.07551    0.954821  0.00504201
          94     6.14014    0.958361    0.004784
          95     6.20477    0.959487   0.0053381
          96      6.2694     0.96883  0.00577198
          97     6.33404    0.964988  0.00473654
          98     6.39867    0.962455  0.00470173
          99      6.4633     0.96294  0.00535238
