           1   -0.342383   -0.342383           0
           2   -0.374124   -0.358253   0.0112223
           3   -0.401183   -0.372563   0.0138739
           4   -0.431882   -0.387393   0.0165292
           5   -0.445289   -0.398972   0.0167964
           6   -0.450344   -0.407534   0.0160314
           7   -0.412339   -0.408221   0.0137559
           8   -0.450893   -0.413555   0.0130296
           9   -0.430763   -0.415467   0.0117213
          10   -0.404506   -0.414371   0.0106003
          11   -0.395517   -0.412657  0.00977425
          12   -0.410647   -0.412489  0.00896116
          13   -0.393073   -0.410996  0.00839539
          14   -0.379001    -0.40871  0.00810079
          15   -0.403139   -0.408339  0.00756925
          16   -0.357072   -0.405135  0.00774471
          17   -0.350327   -0.401911  0.00793186
          18   -0.370006   -0.400138  0.00768669
          19   -0.393053   -0.399765  0.00729117
          20   -0.382815   -0.398918  0.00697569
          21   -0.386009   -0.398303  0.00667054
          22   -0.373982   -0.397198  0.00645829
          23   -0.378491   -0.396384   0.0062285
          24   -0.408035    -0.39687  0.00598786
          25   -0.411526   -0.397456  0.00577698
          26   -0.373247   -0.396525  0.00562932
          27   -0.366055   -0.395396  0.00553279
          28   -0.403471   -0.395685   0.0053427
          29   -0.399038     -0.3958  0.00515972
          30   -0.392822   -0.395701  0.00498869
          31   -0.368308   -0.394817  0.00490539
          32   -0.369564   -0.394028  0.00481516
          33   -0.370083   -0.393303  0.00472361
          34   -0.386645   -0.393107  0.00458873
          35   -0.409994   -0.393589  0.00448292
          36   -0.431988   -0.394656  0.00448349
          37   -0.409317   -0.395052  0.00437979
          38   -0.398704   -0.395148  0.00426559
          39   -0.378463    -0.39472  0.00417762
          40   -0.433579   -0.395692   0.0041846
          41    -0.44872   -0.396985  0.00427775
          42   -0.424153   -0.397632  0.00422452
          43   -0.413995   -0.398013  0.00414338
          44   -0.383752   -0.397689  0.00406187
          45    -0.34933   -0.396614  0.00411131
          46   -0.405132   -0.396799   0.0040261
          47   -0.430617   -0.397519  0.00400422
          48   -0.443386   -0.398474  0.00403321
          49   -0.482137   -0.400182  0.00429713
          50   -0.399606    -0.40017   0.0042112
