           1      1.2177      1.2177           0
           2     1.23884     1.22827  0.00747426
           3     1.25687      1.2378  0.00924218
           4     1.27743     1.24771   0.0110288
           5     1.28634     1.25543   0.0112068
           6     1.28984     1.26117   0.0107062
           7     1.26443     1.26163  0.00918681
           8     1.29008     1.26519   0.0086993
           9     1.27663     1.26646    0.007825
          10     1.25902     1.26572  0.00707778
          11     1.25305     1.26457  0.00652733
          12     1.26315     1.26445  0.00598446
          13     1.25146     1.26345  0.00560683
          14     1.24212     1.26193  0.00540934
          15     1.25828     1.26168  0.00505417
          16     1.22764     1.25955  0.00516663
          17     1.22303     1.25741  0.00529058
          18     1.23611     1.25622  0.00512724
          19     1.25152     1.25598  0.00486334
          20      1.2447     1.25541  0.00465273
          21     1.24687     1.25501  0.00444891
          22     1.23882     1.25427  0.00430707
          23     1.24178     1.25373  0.00415391
          24     1.26154     1.25405  0.00399358
          25     1.26398     1.25445  0.00385352
          26     1.23845     1.25383   0.0037541
          27     1.23356     1.25308  0.00368937
          28     1.25851     1.25328   0.0035627
          29     1.25546     1.25335  0.00344064
          30      1.2513     1.25328  0.00332663
          31     1.23501     1.25269  0.00327113
          32     1.23593     1.25217  0.00321059
          33     1.23626     1.25169  0.00314928
          34     1.24724     1.25156  0.00305938
          35     1.26279     1.25188  0.00298874
          36     1.27739     1.25259  0.00298858
          37     1.26236     1.25285  0.00291944
          38     1.25533     1.25292  0.00284334
          39      1.2418     1.25263   0.0027847
          40     1.27861     1.25328  0.00278981
          41     1.28865     1.25414  0.00285199
          42     1.27225     1.25457  0.00281646
          43     1.26546     1.25483  0.00276231
          44     1.24526     1.25461  0.00270808
          45     1.22232     1.25389  0.00274132
          46     1.25948     1.25401  0.00268442
          47     1.27637     1.25449  0.00266911
          48     1.28488     1.25512  0.00268756
          49     1.31084     1.25626  0.00286318
          50     1.25592     1.25625  0.00280593
