           1     1.48417     1.48417           0
           2     1.48414     1.48415 1.08677e-05
           3     1.48412     1.48414 1.08119e-05
           4     1.48426     1.48417 2.58107e-05
           5     1.48422     1.48418 2.21634e-05
           6     1.48442     1.48422 4.07891e-05
           7      1.4843     1.48423 3.64773e-05
           8     1.48422     1.48423 3.19273e-05
           9     1.48418     1.48422 2.88786e-05
          10     1.48403      1.4842 3.21494e-05
          11     1.48406     1.48419 3.18181e-05
          12     1.48407     1.48418 3.06254e-05
          13     1.48412     1.48418 2.85996e-05
          14     1.48418     1.48418 2.65579e-05
          15     1.48428     1.48418 2.56897e-05
          16     1.48439      1.4842 2.72333e-05
          17     1.48422      1.4842 2.56638e-05
          18     1.48416      1.4842 2.43283e-05
          19     1.48423      1.4842 2.31254e-05
          20     1.48424      1.4842 2.20495e-05
          21      1.4843     1.48421 2.14947e-05
          22     1.48425     1.48421 2.06238e-05
          23     1.48417     1.48421 1.97785e-05
          24     1.48428     1.48421 1.91972e-05
          25     1.48444     1.48422  2.0533e-05
          26     1.48443     1.48423 2.13344e-05
          27     1.48429     1.48423 2.06781e-05
          28      1.4843     1.48423 2.00941e-05
          29     1.48415     1.48423 1.95951e-05
          30     1.48413     1.48423 1.92262e-05
          31     1.48421     1.48422 1.86145e-05
          32     1.48433     1.48423 1.83238e-05
          33     1.48431     1.48423 1.79367e-05
          34     1.48421     1.48423 1.74183e-05
          35     1.48419     1.48423 1.69648e-05
          36      1.4841     1.48423 1.68474e-05
          37     1.48422     1.48423 1.63943e-05
          38     1.48429     1.48423 1.60394e-05
          39     1.48423     1.48423 1.56284e-05
          40     1.48434     1.48423 1.54968e-05
          41     1.48425     1.48423 1.51247e-05
          42     1.48421     1.48423 1.47694e-05
          43     1.48419     1.48423 1.44483e-05
          44     1.48414     1.48423 1.42596e-05
          45     1.48415     1.48423 1.40484e-05
          46     1.48408     1.48422 1.40751e-05
          47     1.48394     1.48422  1.5028e-05
          48     1.48394     1.48421 1.57896e-05
          49     1.48413     1.48421 1.55597e-05
          50     1.48428     1.48421 1.53144e-05
