           1     7.46098     7.46098           0
           2     7.47944     7.47021  0.00652458
           3      7.4992     7.47988  0.00901046
           4     7.49462     7.48356  0.00747346
           5     7.50488     7.48782  0.00709121
           6     7.49673     7.48931   0.0060626
           7     7.46084     7.48524  0.00641725
           8     7.54309     7.49247  0.00879075
           9     7.49621     7.49289  0.00782382
          10     7.47745     7.49134  0.00719202
          11      7.5056     7.49264   0.0066539
          12     7.47583     7.49124  0.00624509
          13     7.48808       7.491  0.00576943
          14     7.49271     7.49112  0.00535862
          15     7.50377     7.49196  0.00506733
          16      7.4614     7.49005  0.00509797
          17     7.45509     7.48799  0.00519645
          18      7.4941     7.48833  0.00491884
          19     7.49715      7.4888  0.00468178
          20     7.50456     7.48959  0.00451355
          21     7.51113     7.49061  0.00441369
          22     7.48017     7.49014  0.00423849
          23     7.51409     7.49118  0.00418021
          24     7.46475     7.49008  0.00414854
          25     7.48987     7.49007  0.00398261
          26     7.45887     7.48887  0.00400618
          27     7.49731     7.48918     0.00387
          28     7.47913     7.48882   0.0037484
          29     7.50291     7.48931  0.00365047
          30     7.50124     7.48971   0.0035504
          31     7.48693     7.48962    0.003437
          32     7.49645     7.48983  0.00333621
          33     7.50061     7.49016  0.00325106
          34     7.51891       7.491  0.00326357
          35     7.50968     7.49154  0.00321367
          36     7.48258     7.49129  0.00313402
          37     7.51024      7.4918  0.00309087
          38     7.50208     7.49207  0.00302136
          39     7.50685     7.49245  0.00296755
          40     7.50769     7.49283  0.00291772
          41     7.45488      7.4919  0.00298979
          42     7.51997     7.49257  0.00299233
          43     7.50513     7.49286  0.00293695
          44     7.49882       7.493  0.00287332
          45     7.48282     7.49277  0.00281837
          46     7.47041     7.49229  0.00279871
          47     7.46887     7.49179  0.00278314
          48     7.50109     7.49198   0.0027319
          49     7.48558     7.49185  0.00267927
          50     7.50112     7.49204  0.00263209
