           1    -6.41301    -6.41301           0
           2    -6.41266    -6.41283 0.000123674
           3    -6.41321    -6.41296 0.000131965
           4    -6.41187    -6.41268 0.000255277
           5    -6.41134    -6.41242 0.000315873
           6    -6.41125    -6.41222 0.000317498
           7    -6.41176    -6.41216 0.000278768
           8    -6.41241    -6.41219 0.000245756
           9    -6.41108    -6.41206 0.000247363
          10    -6.41132    -6.41199 0.000233639
          11     -6.4116    -6.41195 0.000215103
          12    -6.41256    -6.41201 0.000203056
          13    -6.41238    -6.41203 0.000189498
          14    -6.41186    -6.41202 0.000176391
          15    -6.41133    -6.41198  0.00017054
          16    -6.41273    -6.41202 0.000166216
          17    -6.41212    -6.41203 0.000156544
          18    -6.41186    -6.41202 0.000148138
          19    -6.41134    -6.41198 0.000144531
          20    -6.41175    -6.41197 0.000137775
          21    -6.41239    -6.41199 0.000132666
          22     -6.4117    -6.41198 0.000127297
          23    -6.41188    -6.41197 0.000121828
          24    -6.41255      -6.412 0.000119053
          25    -6.41172    -6.41199 0.000114811
          26    -6.41134    -6.41196  0.00011302
          27    -6.41151    -6.41195 0.000110079
          28    -6.41199    -6.41195 0.000106158
          29    -6.41189    -6.41194 0.000102516
          30    -6.41242    -6.41196   0.0001003
          31    -6.41217    -6.41197 9.72971e-05
          32    -6.41241    -6.41198 9.52436e-05
          33    -6.41122    -6.41196 9.50988e-05
          34    -6.41169    -6.41195 9.26179e-05
          35    -6.41202    -6.41195 8.99913e-05
          36    -6.41152    -6.41194 8.82788e-05
          37    -6.41188    -6.41194  8.5907e-05
          38    -6.41163    -6.41193 8.40401e-05
          39    -6.41137    -6.41192 8.31134e-05
          40    -6.41124     -6.4119 8.27287e-05
          41    -6.41122    -6.41188 8.23516e-05
          42    -6.41171    -6.41188 8.04884e-05
          43    -6.41164    -6.41187 7.88048e-05
          44    -6.41156    -6.41187 7.73369e-05
          45    -6.41188    -6.41187 7.56192e-05
          46    -6.41134    -6.41185 7.48416e-05
          47    -6.41256    -6.41187 7.47245e-05
          48     -6.4133     -6.4119  7.8885e-05
          49    -6.41273    -6.41192 7.90836e-05
          50    -6.41121     -6.4119 7.87571e-05
