           1     1.15762     1.15762           0
           2     1.15372     1.15567  0.00138017
           3     1.15083     1.15406  0.00160642
           4     1.15446     1.15416  0.00120797
           5     1.15341     1.15401 0.000975512
           6     1.15245     1.15375 0.000846969
           7     1.15902      1.1545  0.00100674
           8     1.14644     1.15349  0.00129002
           9     1.15509     1.15367  0.00115882
          10     1.15667     1.15397  0.00108093
          11     1.14897     1.15352  0.00107408
          12     1.15227     1.15341 0.000989597
          13     1.15177     1.15329 0.000921521
          14     1.14903     1.15298 0.000904427
          15     1.15054     1.15282 0.000858699
          16     1.15723      1.1531 0.000848082
          17      1.1595     1.15347 0.000877884
          18     1.15136     1.15335 0.000836888
          19     1.15204     1.15329 0.000795677
          20     1.15414     1.15333 0.000757038
          21     1.14727     1.15304 0.000774008
          22     1.15649      1.1532 0.000754549
          23     1.15042     1.15308 0.000731306
          24      1.1574     1.15326 0.000722687
          25     1.15127     1.15318 0.000698147
          26     1.15425     1.15322 0.000672523
          27     1.15065     1.15312 0.000654285
          28     1.15455     1.15317 0.000632894
          29     1.14838     1.15301 0.000632291
          30     1.14941     1.15289 0.000622497
          31     1.15301     1.15289 0.000602428
          32     1.15526     1.15297 0.000588115
          33     1.15222     1.15294 0.000570723
          34     1.14768     1.15279 0.000574527
          35     1.15172     1.15276 0.000558919
          36     1.15337     1.15278 0.000543653
          37      1.1505     1.15271 0.000532443
          38     1.15225      1.1527 0.000518572
          39      1.1502     1.15264 0.000509215
          40     1.15216     1.15263 0.000496623
          41     1.15622     1.15271  0.00049218
          42     1.14814      1.1526 0.000492383
          43     1.14818      1.1525 0.000491565
          44     1.15271     1.15251 0.000480415
          45     1.15411     1.15254 0.000471052
          46     1.15558     1.15261 0.000465407
          47     1.15446     1.15265 0.000457169
          48     1.15065     1.15261 0.000449528
          49     1.15047     1.15256 0.000442455
          50     1.14942      1.1525 0.000438055
