1.1
1.10001
1.10002
1.10003
1.10004
1.10006
1.10009
1.10011
1.10014
1.10018
1.10022
1.10026
1.10031
1.10036
1.10041
1.10047
1.10053
1.1006
1.10067
1.10074
1.10082
1.10091
1.10099
1.10109
1.10119
1.10129
1.1014
1.10151
1.10163
1.10176
1.10189
1.10202
1.10216
1.10231
1.10247
1.10262
1.10279
1.10296
1.10314
1.10333
1.10352
1.10372
1.10393
1.10415
1.10437
1.10461
1.10485
1.1051
1.10536
1.10563
1.10591
1.1062
1.10651
1.10682
1.10715
1.10749
1.10785
1.10822
1.1086
1.109
1.10941
1.10985
1.1103
1.11077
1.11126
1.11177
1.11231
1.11287
1.11345
1.11407
1.11471
1.11538
1.11608
1.11682
1.11759
1.1184
1.11926
1.12015
1.12109
1.12208
1.12313
1.12422
1.12537
1.12658
1.12785
1.12918
1.13056
1.13201
1.1335
1.13503
1.13657
1.13811
1.13959
1.14097
1.14215
1.14302
1.14345
1.14326
1.14231
1.14049
1.05665
1.05375
1.05116
1.04979
1.05042
1.05337
1.05823
1.06411
1.06999
1.07502
1.0787
1.08079
1.08124
1.08014
1.07774
1.07448
1.071
1.06806
1.06649
1.06688
1.06949
1.07418
1.08042
1.08752
1.09478
1.10162
1.10766
1.11272
1.11672
1.11963
1.12147
1.12226
1.12201
1.12079
1.11874
1.11609
1.11321
1.11052
1.10846
1.10738
1.10747
1.10872
1.11095
1.11385
1.11704
1.12014
1.12276
1.12459
1.12538
1.12502
1.1236
1.1214
1.11887
1.11662
1.11523
1.11516
1.11661
1.11951
1.12352
1.12818
1.13304
1.13772
1.142
1.14581
1.14919
1.15225
1.15513
1.15791
1.16065
1.16334
1.16591
1.16828
1.17032
1.17195
1.17308
1.17366
1.17368
1.17318
1.17225
1.17103
1.16968
1.16838
1.16729
1.1665
1.16602
1.16577
1.16561
1.16537
1.16488
1.16403
1.16277
1.16113
1.15925
1.15737
1.1558
1.15485
1.15473
1.15548
1.15695
1.1588
1.15648
1.15787
1.15847
1.15809
1.15668
1.15433
1.15128
1.14785
1.14444
1.14149
1.13939
1.13849
1.13905
1.14119
1.14483
1.14971
1.15536
1.16126
1.16693
1.17201
1.17628
1.17964
1.18208
1.18365
1.18438
1.18436
1.18364
1.18232
1.18052
1.17841
1.17621
1.17415
1.17245
1.17126
1.17062
1.17045
1.17058
1.17077
1.17084
1.17062
1.16996
1.16875
1.16688
1.16424
1.16071
1.15627
1.15111
1.14567
1.14077
1.13739
1.13639
1.13815
1.14239
1.14834
1.15507
1.16176
1.16782
1.17295
1.17703
1.18011
1.18228
1.1837
1.1845
1.18482
1.18479
1.1845
1.18406
1.18354
1.18303
1.18258
1.18224
1.18204
1.18199
1.18207
1.18226
1.1825
1.18273
1.18289
1.18294
1.18284
1.18257
1.18215
1.1816
1.18091
1.1801
1.17912
1.17794
1.17648
1.17473
1.1727
1.17052
1.16841
1.16669
1.16571
1.16578
1.16706
1.16952
1.17293
1.17692
1.18108
1.18503
1.18849
1.19125
1.19319
1.19423
1.19431
1.19339
1.19142
1.18841
1.18445
1.17978
1.17487
1.17042
1.16728
1.16613
1.16723
1.17028
1.17459
1.1794
1.18411
1.18837
1.19208
1.19529
1.19809
1.20053
1.20267
1.2045
1.20599
1.20712
1.20789
1.2083
1.2084
1.20827
1.208
1.20773
1.20754
1.20756
1.20784
1.20839
1.20918
1.21016
1.2112
1.21219
1.213
1.21349
1.21355
1.21306
1.21188
1.20994
1.20716
1.20354
1.19919
1.19435
1.1894
1.18486
1.18124
1.17898
1.17828
1.17907
1.18103
1.18374
1.18683
1.19007
1.19338
1.19676
1.20018
1.20353
1.20665
1.20933
1.21142
1.21286
1.21367
1.21391
1.21369
1.21313
1.21232
1.21132
1.21013
1.20874
1.20712
1.20523
1.20309
1.2008
1.19859
1.19679
1.19579
1.19593
1.19732
1.19985
1.20325
1.20713
1.21116
1.21508
1.21873
1.22199
1.2248
1.22711
1.22889
1.23016
1.23094
