1.61816
1.61816
1.61816
1.61816
1.61816
1.61816
1.61816
1.61816
1.61816
1.61816
1.61816
1.61816
1.61815
1.61815
1.61815
1.61813
1.61812
1.61809
1.61808
1.61806
1.61803
1.61799
1.61796
1.61793
1.6179
1.61787
1.61784
1.61782
1.6178
1.61778
1.61776
1.61773
1.61771
1.61768
1.61765
1.61764
1.61763
1.61761
1.6176
1.61758
1.61757
1.61755
1.61753
1.61752
1.6175
1.6175
1.61749
1.61747
1.61746
1.61745
1.61744
1.61743
1.61743
1.61744
1.61743
1.61743
1.61743
1.61741
1.61739
1.61739
1.61738
1.61738
1.61738
1.61737
1.61737
1.61735
1.61735
1.61734
1.61732
1.61731
1.6173
1.6173
1.61729
1.61728
1.61727
1.61726
1.61725
1.61724
1.61722
1.61721
1.61719
1.61718
1.61717
1.61716
1.61715
1.61713
1.61712
1.61711
1.6171
1.61709
1.61708
1.61708
1.61709
1.61711
1.61714
1.61719
1.61727
1.61737
1.61751
1.61763
1.49576
1.49577
1.49565
1.49539
1.49504
1.49471
1.49449
1.49443
1.4945
1.49467
1.49489
1.49515
1.49539
1.49561
1.49577
1.49585
1.49582
1.49567
1.49541
1.49508
1.49476
1.49449
1.49431
1.49424
1.49426
1.49436
1.49449
1.49466
1.49482
1.49498
1.49514
1.4953
1.49544
1.49557
1.49569
1.49575
1.49575
1.49568
1.49556
1.4954
1.49521
1.49505
1.49492
1.49485
1.49484
1.49489
1.495
1.49514
1.49531
1.49548
1.49562
1.49571
1.4957
1.49561
1.49544
1.4952
1.49498
1.49478
1.49465
1.49459
1.4946
1.49465
1.49471
1.49478
1.49484
1.49487
1.49488
1.49489
1.49489
1.49489
1.49492
1.49496
1.49502
1.49508
1.49516
1.49525
1.49535
1.49541
1.49547
1.4955
1.49551
1.49548
1.49544
1.4954
1.49536
1.49533
1.49534
1.49537
1.49542
1.49548
1.49554
1.4956
1.49562
1.4956
1.49552
1.49541
1.49527
1.49515
1.49506
1.49504
1.48883
1.48893
1.48907
1.48922
1.48938
1.4895
1.48959
1.48961
1.48957
1.48946
1.48931
1.4891
1.48887
1.48863
1.48842
1.48827
1.48819
1.48819
1.48826
1.48837
1.4885
1.48864
1.48878
1.48891
1.48903
1.48915
1.48924
1.48933
1.48939
1.48942
1.48941
1.48937
1.4893
1.48921
1.48913
1.48907
1.48904
1.48904
1.48907
1.48914
1.48921
1.4893
1.4894
1.48954
1.48967
1.48979
1.48986
1.48985
1.48969
1.48939
1.48898
1.48857
1.48826
1.48808
1.48804
1.4881
1.48823
1.48838
1.48853
1.48867
1.4888
1.4889
1.48897
1.48904
1.48908
1.48912
1.48913
1.48914
1.48914
1.48913
1.48911
1.48907
1.48905
1.48903
1.48901
1.489
1.48901
1.48902
1.48904
1.48907
1.48909
1.48912
1.48914
1.48916
1.48919
1.48922
1.48926
1.48931
1.48935
1.48938
1.48939
1.48935
1.48926
1.48912
1.48894
1.48876
1.4886
1.48847
1.48842
1.48843
1.48849
1.48859
1.4887
1.48882
1.48897
1.48912
1.48928
1.48944
1.48959
1.48972
1.4898
1.48979
1.48964
1.48939
1.48905
1.48873
1.48849
1.48836
1.48834
1.48839
1.48846
1.48854
1.48861
1.48867
1.48872
1.48876
1.4888
1.48885
1.4889
1.48895
1.489
1.48905
1.48908
1.48908
1.48907
1.48905
1.48901
1.48897
1.48893
1.48891
1.48888
1.48888
1.48889
1.48891
1.48898
1.48906
1.48915
1.48926
1.48939
1.48951
1.48963
1.48971
1.48976
1.48974
1.48964
1.48945
1.48922
1.48899
1.48878
1.48863
1.48855
1.48852
1.4885
1.48849
1.48847
1.48847
1.4885
1.48855
1.48862
1.48872
1.48881
1.4889
1.48899
1.48904
1.48908
1.48911
1.48914
1.48917
1.4892
1.48924
1.48928
1.48931
1.48931
1.48927
1.48917
1.48903
1.48884
1.48865
1.4885
1.4884
1.48835
1.48835
1.48837
1.48842
1.48849
1.48856
1.48864
1.48871
1.48879
1.48886
