           0    0.064633           0           0
           1    0.129266           0           0
           2    0.193899           0           0
           3    0.258532           0           0
           4    0.323165           0           0
           5    0.387798           0           0
           6    0.452431           0           0
           7    0.517064           0           0
           8    0.581697           0           0
           9     0.64633           0           0
          10    0.710963           0           0
          11    0.775596           0           0
          12     0.84023           0           0
          13    0.904863           0           0
          14    0.969496           0           0
          15     1.03413   0.0160333           0
          16     1.09876   0.0106903           0
          17     1.16339   0.0063774           0
          18     1.22803  0.00861032           0
          19     1.29266   0.0259698           0
          20     1.35729   0.0306938           0
          21     1.42193   0.0344942           0
          22     1.48656   0.0256924           0
          23     1.55119   0.0345481           0
          24     1.61583   0.0604267           0
          25     1.68046    0.069941           0
          26     1.74509   0.0880398           0
          27     1.80973   0.0994398           0
          28     1.87436     0.10661           0
          29     1.93899    0.157228           0
          30     2.00362    0.181505           0
          31     2.06826     0.21391           0
          32     2.13289     0.23051           0
          33     2.19752    0.221927           0
          34     2.26216    0.324794           0
          35     2.32679    0.373607           0
          36     2.39142    0.447868           0
          37     2.45606    0.580287           0
          38     2.52069    0.693296           0
          39     2.58532    0.765294           0
          40     2.64995    0.849279           0
          41     2.71459    0.983828           0
          42     2.77922     1.27311           0
          43     2.84385      1.6272           0
          44     2.90849     1.64346           0
          45     2.97312     2.04757           0
          46     3.03775     3.60135           0
          47     3.10239     3.79546           0
          48     3.16702     2.18735           0
          49     3.23165     1.59952           0
          50     3.29629     1.29477           0
          51     3.36092     1.04988           0
          52     3.42555      0.8821           0
          53     3.49018    0.729488           0
          54     3.55482    0.630081           0
          55     3.61945    0.568994           0
          56     3.68408    0.507776           0
          57     3.74872    0.481953           0
          58     3.81335    0.469589           0
          59     3.87798    0.458966           0
          60     3.94262    0.461478           0
          61     4.00725    0.492938           0
          62     4.07188    0.496484           0
          63     4.13651    0.542607           0
          64     4.20115    0.683659           0
          65     4.26578    0.834311           0
          66     4.33041     1.40513           0
          67     4.39505    0.946356           0
          68     4.45968     0.72836           0
          69     4.52431    0.659966           0
          70     4.58895    0.614304           0
          71     4.65358    0.591037           0
          72     4.71821    0.599109           0
          73     4.78285    0.602604           0
          74     4.84748    0.635771           0
          75     4.91211    0.698157           0
          76     4.97674    0.810384           0
          77     5.04138    0.918473           0
          78     5.10601     1.07721           0
          79     5.17064     1.34725           0
          80     5.23528     1.89073           0
          81     5.29991     2.84514           0
          82     5.36454     1.87357           0
          83     5.42918      1.4158           0
          84     5.49381     1.15695           0
          85     5.55844    0.953537           0
          86     5.62307    0.878686           0
          87     5.68771    0.822984           0
          88     5.75234    0.794748           0
          89     5.81697    0.775416           0
          90     5.88161    0.763775           0
          91     5.94624    0.829255           0
          92     6.01087    0.937599           0
          93     6.07551     1.16123           0
          94     6.14014     1.36612           0
          95     6.20477    0.896738           0
          96      6.2694    0.755227           0
          97     6.33404    0.692042           0
          98     6.39867    0.673129           0
          99      6.4633    0.677849           0
           0    0.064633           0           0
           1    0.129266           0           0
           2    0.193899           0           0
           3    0.258532           0           0
           4    0.323165           0           0
           5    0.387798           0           0
           6    0.452431           0           0
           7    0.517064           0           0
           8    0.581697           0           0
           9     0.64633           0           0
          10    0.710963           0           0
          11    0.775596           0           0
          12     0.84023           0           0
          13    0.904863           0           0
          14    0.969496    0.249811           0
          15     1.03413    0.817696           0
          16     1.09876    0.759011           0
          17     1.16339    0.730212           0
          18     1.22803    0.743358           0
          19     1.29266    0.607694           0
          20     1.35729    0.613876           0
          21     1.42193    0.465672           0
          22     1.48656    0.535588           0
          23     1.55119    0.610955           0
          24     1.61583    0.505235           0
          25     1.68046    0.550203           0
          26     1.74509     0.57731           0
          27     1.80973     0.60067           0
          28     1.87436    0.534302           0
          29     1.93899    0.504536           0
          30     2.00362    0.528015           0
          31     2.06826    0.636564           0
          32     2.13289    0.700282           0
          33     2.19752    0.947315           0
          34     2.26216    0.841867           0
          35     2.32679    0.886496           0
          36     2.39142    0.953175           0
          37     2.45606    0.849811           0
          38     2.52069    0.914368           0
          39     2.58532     1.07474           0
          40     2.64995     1.08632           0
          41     2.71459      1.2594           0
          42     2.77922     1.18543           0
          43     2.84385    0.994951           0
          44     2.90849    0.822521           0
          45     2.97312    0.919284           0
          46     3.03775     1.08176           0
          47     3.10239    0.884477           0
          48     3.16702    0.964039           0
          49     3.23165     1.06321           0
          50     3.29629    0.985689           0
          51     3.36092    0.908103           0
          52     3.42555    0.923669           0
          53     3.49018     0.91434           0
          54     3.55482    0.928112           0
          55     3.61945    0.885976           0
          56     3.68408    0.919147           0
          57     3.74872    0.994208           0
          58     3.81335    0.931162           0
          59     3.87798    0.943878           0
          60     3.94262    0.909104           0
          61     4.00725    0.910984           0
          62     4.07188    0.896054           0
          63     4.13651    0.890263           0
          64     4.20115     1.04801           0
          65     4.26578     1.06066           0
          66     4.33041     1.10661           0
          67     4.39505    0.953801           0
          68     4.45968    0.876608           0
          69     4.52431    0.905943           0
          70     4.58895    0.893805           0
          71     4.65358    0.918745           0
          72     4.71821    0.885429           0
          73     4.78285    0.904693           0
          74     4.84748    0.919761           0
          75     4.91211     1.00835           0
          76     4.97674    0.939056           0
          77     5.04138     0.99482           0
          78     5.10601    0.956134           0
          79     5.17064    0.979355           0
          80     5.23528     1.01874           0
          81     5.29991     1.03477           0
          82     5.36454      1.0452           0
          83     5.42918    0.995845           0
          84     5.49381     1.01614           0
          85     5.55844     1.04676           0
          86     5.62307    0.980627           0
          87     5.68771    0.951066           0
          88     5.75234    0.942333           0
          89     5.81697    0.903497           0
          90     5.88161    0.931967           0
          91     5.94624    0.865487           0
          92     6.01087    0.960949           0
          93     6.07551    0.973111           0
          94     6.14014    0.976178           0
          95     6.20477    0.961092           0
          96      6.2694    0.978339           0
          97     6.33404     0.92921           0
          98     6.39867    0.903239           0
          99      6.4633    0.887191           0
           0    0.064633           0           0
           1    0.129266           0           0
           2    0.193899           0           0
           3    0.258532           0           0
           4    0.323165           0           0
           5    0.387798           0           0
           6    0.452431           0           0
           7    0.517064           0           0
           8    0.581697           0           0
           9     0.64633           0           0
          10    0.710963           0           0
          11    0.775596           0           0
          12     0.84023           0           0
          13    0.904863           0           0
          14    0.969496    0.158971           0
          15     1.03413    0.775609           0
          16     1.09876     1.06903           0
          17     1.16339     1.23881           0
          18     1.22803      1.0605           0
          19     1.29266    0.881675           0
          20     1.35729    0.870051           0
          21     1.42193    0.918408           0
          22     1.48656    0.895281           0
          23     1.55119    0.980074           0
          24     1.61583     0.99788           0
          25     1.68046    0.941095           0
          26     1.74509    0.852976           0
          27     1.80973     0.92049           0
          28     1.87436    0.934401           0
          29     1.93899    0.914032           0
          30     2.00362     1.00048           0
          31     2.06826     1.12277           0
          32     2.13289      1.0621           0
          33     2.19752     1.00326           0
          34     2.26216    0.944069           0
          35     2.32679    0.856591           0
          36     2.39142    0.905051           0
          37     2.45606     1.03465           0
          38     2.52069     1.04309           0
          39     2.58532     1.16757           0
          40     2.64995    0.928502           0
          41     2.71459    0.895598           0
          42     2.77922      1.0193           0
          43     2.84385     1.03133           0
          44     2.90849     1.00627           0
          45     2.97312    0.964466           0
          46     3.03775    0.930817           0
          47     3.10239    0.862667           0
          48     3.16702    0.925282           0
          49     3.23165    0.908048           0
          50     3.29629    0.874773           0
          51     3.36092    0.936419           0
          52     3.42555    0.974963           0
          53     3.49018    0.981593           0
          54     3.55482     1.00873           0
          55     3.61945     0.93248           0
          56     3.68408    0.991946           0
          57     3.74872    0.944768           0
          58     3.81335    0.898017           0
          59     3.87798     0.82429           0
          60     3.94262    0.938686           0
          61     4.00725    0.986713           0
          62     4.07188    0.941669           0
          63     4.13651    0.873602           0
          64     4.20115    0.881734           0
          65     4.26578    0.884172           0
          66     4.33041    0.884043           0
          67     4.39505    0.873542           0
          68     4.45968    0.919884           0
          69     4.52431    0.930871           0
          70     4.58895    0.915904           0
          71     4.65358    0.984162           0
          72     4.71821    0.964333           0
          73     4.78285    0.883453           0
          74     4.84748    0.903771           0
          75     4.91211     0.93784           0
          76     4.97674    0.933059           0
          77     5.04138    0.968958           0
          78     5.10601    0.956825           0
          79     5.17064     1.00445           0
          80     5.23528    0.950211           0
          81     5.29991    0.939103           0
          82     5.36454    0.925121           0
          83     5.42918    0.888067           0
          84     5.49381     0.94118           0
          85     5.55844    0.935884           0
          86     5.62307    0.964516           0
          87     5.68771     0.93455           0
          88     5.75234    0.951599           0
          89     5.81697    0.917425           0
          90     5.88161    0.903935           0
          91     5.94624     0.95358           0
          92     6.01087    0.913314           0
          93     6.07551    0.989735           0
          94     6.14014    0.987668           0
          95     6.20477     1.01273           0
          96      6.2694     1.03581           0
          97     6.33404      1.0735           0
          98     6.39867     1.03803           0
          99      6.4633     1.04174           0
