           0    0.064633           0
           1    0.129266           0
           2    0.193899           0
           3    0.258532           0
           4    0.323165           0
           5    0.387798           0
           6    0.452431           0
           7    0.517064           0
           8    0.581697           0
           9     0.64633           0
          10    0.710963           0
          11    0.775596           0
          12     0.84023           0
          13    0.904863           0
          14    0.969496           0
          15     1.03413   0.0160333
          16     1.09876   0.0106903
          17     1.16339   0.0063774
          18     1.22803  0.00861032
          19     1.29266   0.0259698
          20     1.35729   0.0306938
          21     1.42193   0.0344942
          22     1.48656   0.0256924
          23     1.55119   0.0345481
          24     1.61583   0.0604267
          25     1.68046    0.069941
          26     1.74509   0.0880398
          27     1.80973   0.0994398
          28     1.87436     0.10661
          29     1.93899    0.157228
          30     2.00362    0.181505
          31     2.06826     0.21391
          32     2.13289     0.23051
          33     2.19752    0.221927
          34     2.26216    0.324794
          35     2.32679    0.373607
          36     2.39142    0.447868
          37     2.45606    0.580287
          38     2.52069    0.693296
          39     2.58532    0.765294
          40     2.64995    0.849279
          41     2.71459    0.983828
          42     2.77922     1.27311
          43     2.84385      1.6272
          44     2.90849     1.64346
          45     2.97312     2.04757
          46     3.03775     3.60135
          47     3.10239     3.79546
          48     3.16702     2.18735
          49     3.23165     1.59952
          50     3.29629     1.29477
          51     3.36092     1.04988
          52     3.42555      0.8821
          53     3.49018    0.729488
          54     3.55482    0.630081
          55     3.61945    0.568994
          56     3.68408    0.507776
          57     3.74872    0.481953
          58     3.81335    0.469589
          59     3.87798    0.458966
          60     3.94262    0.461478
          61     4.00725    0.492938
          62     4.07188    0.496484
          63     4.13651    0.542607
          64     4.20115    0.683659
          65     4.26578    0.834311
          66     4.33041     1.40513
          67     4.39505    0.946356
          68     4.45968     0.72836
          69     4.52431    0.659966
          70     4.58895    0.614304
          71     4.65358    0.591037
          72     4.71821    0.599109
          73     4.78285    0.602604
          74     4.84748    0.635771
          75     4.91211    0.698157
          76     4.97674    0.810384
          77     5.04138    0.918473
          78     5.10601     1.07721
          79     5.17064     1.34725
          80     5.23528     1.89073
          81     5.29991     2.84514
          82     5.36454     1.87357
          83     5.42918      1.4158
          84     5.49381     1.15695
          85     5.55844    0.953537
          86     5.62307    0.878686
          87     5.68771    0.822984
          88     5.75234    0.794748
          89     5.81697    0.775416
          90     5.88161    0.763775
          91     5.94624    0.829255
          92     6.01087    0.937599
          93     6.07551     1.16123
          94     6.14014     1.36612
          95     6.20477    0.896738
          96      6.2694    0.755227
          97     6.33404    0.692042
          98     6.39867    0.673129
          99      6.4633    0.677849
           0    0.064633           0
           1    0.129266           0
           2    0.193899           0
           3    0.258532           0
           4    0.323165           0
           5    0.387798           0
           6    0.452431           0
           7    0.517064           0
           8    0.581697           0
           9     0.64633           0
          10    0.710963           0
          11    0.775596           0
          12     0.84023           0
          13    0.904863           0
          14    0.969496    0.249811
          15     1.03413    0.817696
          16     1.09876    0.759011
          17     1.16339    0.730212
          18     1.22803    0.743358
          19     1.29266    0.607694
          20     1.35729    0.613876
          21     1.42193    0.465672
          22     1.48656    0.535588
          23     1.55119    0.610955
          24     1.61583    0.505235
          25     1.68046    0.550203
          26     1.74509     0.57731
          27     1.80973     0.60067
          28     1.87436    0.534302
          29     1.93899    0.504536
          30     2.00362    0.528015
          31     2.06826    0.636564
          32     2.13289    0.700282
          33     2.19752    0.947315
          34     2.26216    0.841867
          35     2.32679    0.886496
          36     2.39142    0.953175
          37     2.45606    0.849811
          38     2.52069    0.914368
          39     2.58532     1.07474
          40     2.64995     1.08632
          41     2.71459      1.2594
          42     2.77922     1.18543
          43     2.84385    0.994951
          44     2.90849    0.822521
          45     2.97312    0.919284
          46     3.03775     1.08176
          47     3.10239    0.884477
          48     3.16702    0.964039
          49     3.23165     1.06321
          50     3.29629    0.985689
          51     3.36092    0.908103
          52     3.42555    0.923669
          53     3.49018     0.91434
          54     3.55482    0.928112
          55     3.61945    0.885976
          56     3.68408    0.919147
          57     3.74872    0.994208
          58     3.81335    0.931162
          59     3.87798    0.943878
          60     3.94262    0.909104
          61     4.00725    0.910984
          62     4.07188    0.896054
          63     4.13651    0.890263
          64     4.20115     1.04801
          65     4.26578     1.06066
          66     4.33041     1.10661
          67     4.39505    0.953801
          68     4.45968    0.876608
          69     4.52431    0.905943
          70     4.58895    0.893805
          71     4.65358    0.918745
          72     4.71821    0.885429
          73     4.78285    0.904693
          74     4.84748    0.919761
          75     4.91211     1.00835
          76     4.97674    0.939056
          77     5.04138     0.99482
          78     5.10601    0.956134
          79     5.17064    0.979355
          80     5.23528     1.01874
          81     5.29991     1.03477
          82     5.36454      1.0452
          83     5.42918    0.995845
          84     5.49381     1.01614
          85     5.55844     1.04676
          86     5.62307    0.980627
          87     5.68771    0.951066
          88     5.75234    0.942333
          89     5.81697    0.903497
          90     5.88161    0.931967
          91     5.94624    0.865487
          92     6.01087    0.960949
          93     6.07551    0.973111
          94     6.14014    0.976178
          95     6.20477    0.961092
          96      6.2694    0.978339
          97     6.33404     0.92921
          98     6.39867    0.903239
          99      6.4633    0.887191
           0    0.064633           0
           1    0.129266           0
           2    0.193899           0
           3    0.258532           0
           4    0.323165           0
           5    0.387798           0
           6    0.452431           0
           7    0.517064           0
           8    0.581697           0
           9     0.64633           0
          10    0.710963           0
          11    0.775596           0
          12     0.84023           0
          13    0.904863           0
          14    0.969496    0.158971
          15     1.03413    0.775609
          16     1.09876     1.06903
          17     1.16339     1.23881
          18     1.22803      1.0605
          19     1.29266    0.881675
          20     1.35729    0.870051
          21     1.42193    0.918408
          22     1.48656    0.895281
          23     1.55119    0.980074
          24     1.61583     0.99788
          25     1.68046    0.941095
          26     1.74509    0.852976
          27     1.80973     0.92049
          28     1.87436    0.934401
          29     1.93899    0.914032
          30     2.00362     1.00048
          31     2.06826     1.12277
          32     2.13289      1.0621
          33     2.19752     1.00326
          34     2.26216    0.944069
          35     2.32679    0.856591
          36     2.39142    0.905051
          37     2.45606     1.03465
          38     2.52069     1.04309
          39     2.58532     1.16757
          40     2.64995    0.928502
          41     2.71459    0.895598
          42     2.77922      1.0193
          43     2.84385     1.03133
          44     2.90849     1.00627
          45     2.97312    0.964466
          46     3.03775    0.930817
          47     3.10239    0.862667
          48     3.16702    0.925282
          49     3.23165    0.908048
          50     3.29629    0.874773
          51     3.36092    0.936419
          52     3.42555    0.974963
          53     3.49018    0.981593
          54     3.55482     1.00873
          55     3.61945     0.93248
          56     3.68408    0.991946
          57     3.74872    0.944768
          58     3.81335    0.898017
          59     3.87798     0.82429
          60     3.94262    0.938686
          61     4.00725    0.986713
          62     4.07188    0.941669
          63     4.13651    0.873602
          64     4.20115    0.881734
          65     4.26578    0.884172
          66     4.33041    0.884043
          67     4.39505    0.873542
          68     4.45968    0.919884
          69     4.52431    0.930871
          70     4.58895    0.915904
          71     4.65358    0.984162
          72     4.71821    0.964333
          73     4.78285    0.883453
          74     4.84748    0.903771
          75     4.91211     0.93784
          76     4.97674    0.933059
          77     5.04138    0.968958
          78     5.10601    0.956825
          79     5.17064     1.00445
          80     5.23528    0.950211
          81     5.29991    0.939103
          82     5.36454    0.925121
          83     5.42918    0.888067
          84     5.49381     0.94118
          85     5.55844    0.935884
          86     5.62307    0.964516
          87     5.68771     0.93455
          88     5.75234    0.951599
          89     5.81697    0.917425
          90     5.88161    0.903935
          91     5.94624     0.95358
          92     6.01087    0.913314
          93     6.07551    0.989735
          94     6.14014    0.987668
          95     6.20477     1.01273
          96      6.2694     1.03581
          97     6.33404      1.0735
          98     6.39867     1.03803
          99      6.4633     1.04174
