         174   0.0846378    0.400721
         190    0.027443    0.451085
          93    0.214217    0.367266
         142    0.274618    0.159979
          72     0.32428    0.146132
          41     0.24877    0.139112
         179    0.284065    0.148229
          47    0.345767   0.0264639
         166     0.35009    0.142261
         169    0.407214   0.0937493
         163    0.375931    0.166114
          71    0.402376    0.176876
         186    0.424314   0.0657048
         129    0.262162    0.017432
         153    0.283439   0.0671486
          85    0.309048   0.0650427
         159    0.174181  -0.0438294
          81    0.258309  -0.0506239
         121     0.32013  -0.0933348
           1    0.229649   -0.168834
         167    0.310467   -0.265804
          84    0.293687    -0.21815
          55    0.238611   -0.355226
          29    0.313285   -0.482058
         118     0.25144   -0.497277
          43    0.174932   -0.435783
           3    0.205029   -0.413993
          66    0.293058   -0.391109
          52    0.381923    -0.20958
          95    0.469434   -0.247726
          94    0.384437   -0.310647
         122    0.434629   -0.374512
          45     0.48646   -0.156771
          32    0.485475   -0.100978
         156    0.375059    -0.19036
          39    0.402262   -0.364107
         152    0.497593   -0.435833
         109    0.403759    -0.46556
          69    0.416148   -0.450842
           6    0.276048   -0.478862
          53    0.281925   -0.488856
          31    0.213423   -0.388223
          22     0.17838   -0.401786
          19  0.00185779   -0.475716
         145   0.0678177   -0.376982
          57   0.0478005   -0.411888
          35  -0.0184705   -0.494115
          46  -0.0631128   -0.471304
         103  -0.0740232   -0.463608
         140  -0.0922657   -0.406867
         162  -0.0918599   -0.449821
         193  -0.0525924   -0.403028
         120  -0.0356935   -0.296977
         139   -0.134737   -0.146228
         138   -0.272691  -0.0544792
         126   -0.183228 -0.00738139
         180    -0.22011   0.0783367
          62   -0.286868 -0.00371396
          25   -0.447239  -0.0464925
          75    -0.48704   -0.121777
         148   -0.490094   -0.161003
         143   -0.384803   -0.299923
          74   -0.439915   -0.368162
          17   -0.416046   -0.340741
         112   -0.424327   -0.382113
          64   -0.443431   -0.422182
         164   -0.360549   -0.465275
         116   -0.436671   -0.477455
          30   -0.366196    -0.44652
         104    -0.29126   -0.467391
           0   -0.377351   -0.330082
          42   -0.298782   -0.340902
         111   -0.273345   -0.329796
          14   -0.242107   -0.260732
          33   -0.227249   -0.248635
         115   -0.154549    -0.29877
         136    -0.11172     -0.3913
          44   -0.100088   -0.173142
         149   0.0346397   -0.233588
          99    0.038703   -0.210988
          98    0.118143   -0.350299
          80   0.0984075   -0.251551
         131    0.167245   -0.195159
         127    0.237219   -0.223548
         161    0.135123   -0.324005
         101    0.162891   -0.335215
          21    0.151955   -0.286148
          34   0.0381503   -0.217807
         130   0.0631986   -0.308878
         187   0.0422147   -0.384124
          83      -0.141   -0.351863
         105   -0.173641   -0.294043
          38   -0.240972   -0.359523
         168   -0.234062   -0.248377
         155   -0.330428   -0.336703
         197   -0.264425   -0.298185
          36   -0.285282   -0.482141
         102   -0.317203   -0.491427
          11   -0.266843   -0.306707
         170   -0.398836   -0.221824
          70   -0.422079   -0.230455
         171   -0.347639   -0.189537
          73   -0.312568   -0.241239
           7   -0.331675   0.0724387
         110   -0.207444   0.0942002
           8   -0.220767   0.0458579
         198   -0.155623   -0.124887
         154  -0.0960385     -0.1117
         106   0.0126425  -0.0306234
          20    0.186006   -0.130649
         194     0.21965  -0.0837817
         144    0.100722   -0.111175
         100   0.0401539   -0.124446
         117     0.05524  -0.0233287
         185    0.190562   0.0101077
         147    0.297921   0.0472043
          86    0.198306    0.101655
          87    0.242493    0.146457
         124    0.106644    0.296017
          48   0.0760227    0.353705
         135  0.00718785    0.215792
         184  -0.0414576    0.347824
          82 -0.00419062    0.387488
         176  -0.0694562    0.372227
           5   -0.128504    0.336567
          79  -0.0537894    0.221584
         134  -0.0652391    0.161897
         150   -0.195949   0.0911088
          96   -0.168123    0.357892
          56   -0.239566    0.356702
          67   -0.153666    0.318053
          12  -0.0067737    0.256047
          24   0.0772691    0.340005
         178    0.225472    0.485176
          59    0.204587    0.445156
          49    0.201668    0.348058
          26    0.265764    0.470267
          63    0.338501    0.492311
         160    0.353052    0.417968
         181    0.463373    0.450077
          78    0.494451    0.391774
         199    0.484122    0.485916
         189    0.471477    0.414133
          97    0.298294    0.450338
           4    0.156019    0.405484
          54    0.330226    0.361151
         123      0.4404    0.425113
          28    0.418855    0.439875
          51     0.45178    0.425213
         172    0.293889    0.424232
          77    0.323965    0.264042
         158      0.3827     0.22648
          18    0.431865    0.254052
         141    0.437103    0.160507
         151    0.456131    0.168515
         146    0.244077    0.114558
         188    0.125262    0.173576
         107   0.0203071    0.103275
          90    0.124291    0.131016
          16    0.116809   0.0804683
          58   0.0879036    0.123628
          15  -0.0282034   0.0849169
          13  -0.0208621  -0.0057403
         195   0.0101069   -0.117175
         182   0.0103065   -0.108379
         133 -0.00996028   0.0403836
           2  -0.0228853   0.0718346
         128   -0.160407 -0.00333061
         183   -0.166818    0.191486
          60   -0.158364    0.260044
          89   -0.203636     0.15894
         132   -0.371448    0.196941
         157   -0.356781    0.213437
         125   -0.211224    0.398078
         175    -0.25698    0.449207
          27    -0.27389     0.49461
         191   -0.307508    0.421717
          76   -0.348488    0.477601
          65    -0.41309     0.42542
         165   -0.457243     0.46578
         173   -0.430821    0.327837
         177   -0.348028    0.359845
          91   -0.389583    0.311177
         192    -0.39638    0.272541
          10   -0.435357    0.254654
          88   -0.499935    0.156518
          37   -0.385744   0.0485221
          61   -0.460584     0.11281
         114   -0.370821    0.162566
           9   -0.482698   0.0831787
         137   -0.484846   -0.142115
         113   -0.483191  -0.0818356
         108   -0.447103   0.0687245
          23    -0.37904    0.180137
          40   -0.260404    0.331703
         119   -0.109618    0.467934
          50   -0.220055    0.436537
         196   -0.279323    0.417496
          92  -0.0919667    0.444785
          68  -0.0584588    0.436633
