           0    0.696586    0.717473
          14    0.871187    0.490951
          23    0.937194     0.34881
           1    0.876058    0.482205
          29    0.997727    0.067379
          22    0.994405    0.105631
          28     0.99877  -0.0495759
          16    0.983179   -0.182645
           3    0.872755   -0.488159
          10    0.722501    -0.69137
          26    0.130705   -0.991421
           4    0.143298    -0.98968
          27   0.0360596    -0.99935
          24   0.0425475   -0.999094
           5   -0.436181   -0.899859
          17   -0.284163   -0.958776
          15   -0.439593   -0.898197
          19   -0.499159   -0.866511
           8   -0.830661   -0.556778
           6   -0.960344   -0.278816
          25   -0.999278   0.0379884
           2   -0.991836   -0.127518
          21   -0.999573    0.029236
          12   -0.986637    0.162934
          11    -0.85569    0.517489
           9   -0.559567    0.828785
          18    0.108496    0.994097
          13    0.132421    0.991194
          20    0.395088    0.918643
           7    0.514478    0.857503
