           0     10.5177    0.102607     6.03656     14.1822
           1     10.5477    0.102754     5.65135     14.9268
           2     10.0621     0.10036     5.65135     13.6525
           3     10.1122     0.10061     5.65135     14.1416
           4     10.1796    0.100945     6.48775     13.8836
           5     10.2153    0.101122     6.48775     13.5469
           6      10.129    0.100694     6.07321     14.1851
           7     10.1275    0.100686     6.05574     13.3126
           8     9.40136   0.0970091     6.05574     13.5556
           9     9.56237   0.0978363     6.07321     13.5556
          10     9.12827   0.0955898      5.4923     12.8832
          11     8.45893   0.0920185     5.24893     12.5575
          12     8.62489   0.0929167      5.1235     11.7452
          13     8.80781   0.0938969     4.87073     12.2589
          14     8.99315   0.0948797     4.87073     12.8762
          15     8.58564   0.0927051     4.87073     11.8969
          16     7.81451    0.088444     4.87073     11.8637
          17     7.96225   0.0892761     4.14655     11.4174
          18     7.97686    0.089358     4.14655     12.1747
          19     7.28641   0.0854032     4.14655     10.7711
          20     7.47953   0.0865275      3.9452     11.4839
          21     7.68995   0.0877362     4.35165     13.1129
          22     7.39069   0.0860121     4.35165     11.6064
          23     6.82475   0.0826534     4.35165     10.6484
          24     7.09752   0.0842889     4.26558     10.8029
          25     7.11085    0.084368     4.26558     10.9574
          26      6.1116   0.0782159      3.8967     10.2777
          27     6.44127   0.0802977     3.86662     10.0349
          28     6.66499   0.0816803     4.28862     10.3391
          29     6.53876   0.0809031     4.28862     10.4198
          30     6.02854   0.0776825     3.89016     11.1307
          31     6.25067   0.0791007     3.89016     11.1307
          32     5.75944    0.075929     3.89016     8.96719
          33     6.10441   0.0781698     3.72552     10.3788
          34     5.80564   0.0762329     3.72552     9.39734
          35     6.11551   0.0782408     3.72552     10.4171
          36     6.40012   0.0800408     3.61716      10.969
          37     6.61353   0.0813643     3.05507     11.5001
          38     6.88231   0.0830012     3.61716     12.5304
          39     6.57528   0.0811287     4.11602      9.7868
          40     6.31886    0.079531     4.11602     9.65644
          41     5.77111   0.0760059     3.79469      9.7877
          42     5.48762   0.0741155     3.66131     8.87206
          43     5.76118   0.0759404     3.41227     8.86919
          44     5.40252   0.0735386     3.41227     8.98411
          45     5.67975   0.0754018     3.53661      9.1724
          46     5.92097   0.0769863     3.48858     10.2265
          47     6.21813   0.0788946     3.70427     10.4464
          48     6.43146   0.0802365     3.07167     10.9676
          49     6.18332   0.0786735     2.94475     10.3392
          50     6.41831   0.0801544     2.94475     11.1241
          51     5.83655   0.0764355     2.94475      9.5757
          52     5.98298   0.0773884     2.94475     9.48685
          53     6.22228   0.0789209     2.68039     10.3631
          54     5.46154   0.0739392     2.59888     10.3014
          55      5.5697   0.0746677     2.59888     8.85667
          56     5.30929   0.0729013     2.36037     8.20809
          57     5.58463   0.0747678     2.36037     9.99369
          58     5.64457    0.075168     2.36037     9.27857
          59     5.69137   0.0754789     2.36037     10.1023
          60     5.12297   0.0716107     2.15698     8.92954
          61     5.46888   0.0739889     2.59888     10.7408
          62     5.47175   0.0740083     2.59888     10.0774
          63      5.3026   0.0728554     2.55663     9.69273
          64     5.56135   0.0746118     2.41392     10.7042
          65     5.84022   0.0764596     2.41392     9.79745
          66     6.10419   0.0781684     2.76303     10.7287
          67      6.3864    0.079955     2.91794     11.1511
          68     5.49054   0.0741352     2.63273     9.75745
          69      5.4574   0.0739112     2.49117     9.92112
          70     4.86797   0.0698058     2.47921     9.89735
          71      4.4081   0.0664267     2.20642     8.23407
          72     4.75093   0.0689615     2.20642     8.97843
          73     4.92349   0.0702027     2.20642     8.88001
          74     5.20911   0.0722103     2.37178     9.40524
          75     5.32822   0.0730312     2.37178     9.43304
          76     5.63646   0.0751139     2.37178     9.54968
          77     4.37138   0.0661495     2.29632     8.90009
          78     3.60419   0.0600649     2.20847     6.66423
          79     3.87454   0.0622769     2.04487     8.01281
          80     4.00585   0.0633234     2.03987      7.6292
          81     3.49459   0.0591446     2.03987     6.88358
          82     3.75969    0.061347     2.11519     8.06939
          83     3.39183   0.0582686     2.11519     5.77716
          84     3.62189   0.0602122     2.15556     7.32039
          85     3.40877   0.0584139      2.0373     6.94151
          86     3.16271   0.0562662     1.88199     5.98128
          87     3.23384   0.0568953     1.88199     7.76213
          88     3.27895   0.0572908     1.88199     7.75415
          89     3.61911   0.0601891     1.88199     7.60822
          90     3.13277   0.0559992     1.88199     8.22602
          91     2.85322   0.0534422     1.75952     5.84454
          92     3.24081   0.0569566     1.75952      7.0271
          93     3.40443   0.0583767     1.75952     7.52037
          94     3.79794   0.0616583     1.75952     8.56655
          95     3.61434   0.0601495     1.75952      7.6884
          96     3.12568   0.0559358     1.75952     6.20141
          97     3.18343   0.0564501     1.75952     7.08487
          98     3.41892   0.0585008     1.75952      6.5142
          99     3.06219   0.0553648     1.75952     6.50579
         100     3.32026   0.0576506     1.73434     7.15269
         101     2.55321   0.0505545     1.67865     5.84061
         102     2.51047   0.0501296     1.57215      5.0739
         103      2.2881    0.047858     1.57893     4.83989
         104     2.65177   0.0515211      1.5781     7.41393
         105     2.29705   0.0479515     1.51745     5.36749
         106     2.73685   0.0523411     1.51745     6.62462
         107     2.81366   0.0530705     1.51745     5.62538
         108     3.05168   0.0552697     1.48204     7.41425
         109     3.33918   0.0578145     1.48204     7.90205
         110     3.24506   0.0569939     1.48204     7.51012
         111     3.32068   0.0576542     1.48204     9.13713
         112     3.67421   0.0606456     1.48204     8.18019
         113     3.05734   0.0553209     1.52298     6.68206
         114     3.28029   0.0573025     1.52298     7.55055
         115     2.50162   0.0500412     1.39135     5.64062
         116     2.43657   0.0493863      1.3901     5.09217
         117     2.28698   0.0478463     1.30408     6.63951
         118      2.3197   0.0481874     1.34138     6.21842
         119     2.14395    0.046326     1.31473     5.90208
         120     1.99853   0.0447273     1.16457     5.07385
         121     1.87556   0.0433294     1.16457     4.09609
         122     1.98761    0.044605     1.16457     5.72169
         123     2.25516   0.0475122      1.1677     6.04559
         124     2.10337   0.0458855     1.16457     5.20046
         125     1.94085   0.0440772     1.16457     5.72331
         126     1.98961   0.0446273      1.1612      6.4127
         127      2.0357   0.0451414     1.10047     6.33615
         128      1.7177   0.0414659     1.10047     4.40181
         129     1.81389   0.0426111     1.10047     6.99082
         130     1.82346   0.0427234     1.10047     5.77739
         131     1.63716   0.0404821     1.10047     4.95244
         132      1.6501   0.0406417     1.10047     5.99877
         133     1.59447   0.0399508     1.08507     5.72962
         134     1.48364   0.0385373     1.08507     5.53282
         135     1.52804   0.0391098     1.08507     4.51779
         136     1.58294    0.039806     1.08507     6.36857
         137     1.60866   0.0401282     1.07666     6.34672
         138     1.58974   0.0398914     1.07666     5.65749
         139     2.02944   0.0450719     1.08507     7.56322
         140     1.85341   0.0430728     1.08507     4.79127
         141     2.22051   0.0471459     1.08507     6.54324
         142     1.84625   0.0429895     1.07666     5.35837
         143     1.62158    0.040289     1.06867      4.9512
         144     1.54065   0.0392708     1.07666     4.99049
         145     1.95686   0.0442585     1.07666     7.05019
         146     1.72132   0.0415096     1.07666     6.57043
         147     1.92157   0.0438577     1.07666     6.65131
         148     1.75737    0.041942     1.07666      5.3262
         149     1.56455   0.0395742     1.07459     3.80188
         150     1.66924   0.0408768     1.07137     6.26639
         151     1.82194   0.0427055     1.03726     6.47474
         152      1.6336   0.0404381     1.03726     6.02592
         153      1.3735   0.0370793     1.03726     3.82675
         154     1.63295     0.04043     1.03726     6.25423
         155     1.44973   0.0380943     1.03198     4.15405
         156     1.85893   0.0431369     1.03726     5.87327
         157     2.16785   0.0465835     1.03726      6.8336
         158     1.55378   0.0394378     1.03726     4.20112
         159     1.87011   0.0432665     1.03726     6.35769
         160     2.24586   0.0474142     1.03726     6.50142
         161     2.51434   0.0501683     1.03726     6.71162
         162     2.90422   0.0539178     1.03726     9.16483
         163     2.70681    0.052053     1.03726     6.14125
         164     1.77277   0.0421254     1.02884     5.81748
         165     1.95023   0.0441835     1.02884     6.45332
         166     2.29014   0.0478794     1.02884     6.69243
         167     1.86714   0.0432321     1.02884     7.02251
         168     1.45215   0.0381261     1.02884     4.56257
         169     1.79829   0.0424275     1.02678     5.22411
         170     1.91281   0.0437576     1.02678     5.66775
         171     1.60254   0.0400518     1.02678     7.16748
         172     1.51289   0.0389154     1.02678     6.32246
         173     1.54542   0.0393314     1.02678     5.95994
         174     1.42766   0.0378033     1.02356     5.98368
         175     1.46528   0.0382981     1.02341      4.6496
         176     1.78753   0.0423004     1.02356     5.08168
         177     1.95014   0.0441825     1.02356     6.16276
         178      2.3077   0.0480625     1.02356     6.06954
         179      2.2083   0.0470161     1.02356     6.72913
         180     1.55528   0.0394568     1.02356     4.23116
         181     1.80265   0.0424788      1.0027     4.90549
         182     2.17162   0.0466239     1.02356     6.55717
         183     2.52126   0.0502373     1.02356     7.48917
         184     2.76903   0.0526479     1.02356     7.25312
         185     2.40966   0.0491129     1.02356     7.08433
         186     2.01616   0.0449242     1.02356     5.09593
         187     2.43845   0.0494054     1.02356     7.24766
         188     2.09867   0.0458341     1.02356     6.31169
         189     1.72569   0.0415622     1.00546     6.90652
         190     2.09879   0.0458354     1.02356     6.99443
         191      2.4683   0.0497068     1.02356     7.46832
         192     1.85133   0.0430486     1.02356     6.59545
         193     1.73597   0.0416858      1.0215     5.25512
         194     1.68169   0.0410289     1.02356     4.96914
         195     1.89684   0.0435745     1.02356     6.27328
         196     1.62566   0.0403396     1.02356     4.20429
         197      1.2763   0.0357432     1.00546     3.40649
         198      1.6575   0.0407328     1.00546     6.04962
         199     1.40373   0.0374851    0.997045     6.35801
         200     1.64283   0.0405521    0.997045     7.00445
         201     1.52479   0.0390681    0.997045     5.32211
         202     1.80337   0.0424874    0.997045     6.80868
         203     2.17882   0.0467012    0.997045     9.83393
         204     1.77251   0.0421222    0.997045     7.42505
         205     1.59103   0.0399077    0.997045     5.61292
         206     1.52843   0.0391147    0.994983      5.9987
         207     1.27728    0.035757    0.994983     4.35469
         208     1.48277    0.038526    0.994945     5.14907
         209     1.51076   0.0388879    0.997045     6.23864
         210     1.52006   0.0390074    0.997045     5.91484
         211     1.46632   0.0383117    0.994945     6.72027
         212     1.47128   0.0383765    0.989664     5.96947
         213     1.83177   0.0428206    0.987601     6.61382
         214     2.08862   0.0457243    0.987601     6.32122
         215     2.35464   0.0485489    0.987601     6.92066
         216     2.59837   0.0509997    0.987601     7.75254
         217     2.30035    0.047986    0.989664     7.11084
         218     2.42515   0.0492704    0.994945     6.96173
         219     1.97576   0.0444718    0.994945     4.98665
         220     2.25694    0.047531    0.994945     6.07702
         221      2.1092    0.045949    0.994945     7.16046
         222     2.54186   0.0504421    0.994945     7.21115
         223     2.01766   0.0449409    0.994945     6.00642
         224     1.86752   0.0432365    0.994945     6.66607
         225     1.92158   0.0438577    0.994945     6.58785
         226     2.34211   0.0484195    0.994983     6.84895
         227     1.68548   0.0410752    0.994983     5.80714
         228     2.05442   0.0453484    0.994983     6.99348
         229     2.29045   0.0478826    0.994983      6.5321
         230     2.01758     0.04494    0.994983     6.24534
         231     1.84472   0.0429717    0.994983     6.01597
         232     1.64033   0.0405212    0.994983     6.29424
         233     1.47513   0.0384267    0.994983      6.6185
         234     1.70807   0.0413495    0.994983     5.79764
         235     2.13545   0.0462341    0.994983     6.05388
         236     1.66103   0.0407761    0.989702     7.40774
         237     1.50188   0.0387735    0.989702     5.62428
         238      1.9221   0.0438637    0.989702     7.91967
         239     2.21818   0.0471212    0.989702     8.00134
         240     2.51638   0.0501886    0.989702     7.48172
         241     2.04562   0.0452511    0.989702     5.46325
         242     2.26011   0.0475644    0.989702     7.26555
         243     2.09456   0.0457892    0.973154     7.82923
         244     1.49095   0.0386322    0.973154     6.32938
         245     1.83785   0.0428916    0.973154     6.32938
         246     1.57416   0.0396955    0.973154     4.31996
         247     1.77113   0.0421058    0.973154     5.57016
         248     2.11611   0.0460242    0.973154     6.35792
         249     2.24402   0.0473948    0.989218     5.94813
         250      1.5981   0.0399963    0.989218     6.42856
         251      1.5357   0.0392076    0.989218     5.42089
         252     1.62007   0.0402703    0.989218     5.35638
         253     1.85621   0.0431054    0.989218     5.99154
         254     1.53494   0.0391979    0.983937     5.15983
         255     2.00183   0.0447642    0.983937     7.85051
         256     1.69997   0.0412514    0.983937     5.15486
         257     1.47291   0.0383978    0.983937     5.77016
         258     1.70849   0.0413546    0.983937     5.49993
         259     1.56365   0.0395628    0.976372     6.04092
         260     1.54333   0.0393048    0.976372      6.6418
         261     1.68257   0.0410397    0.976372     6.21615
         262     1.98019   0.0445216    0.976372     6.05028
         263     1.76304   0.0420096    0.976372     6.08042
         264      1.4429   0.0380045    0.976372     6.83224
         265     1.37264   0.0370677     0.96899     6.98329
         266      1.4317   0.0378567     0.96899     6.26715
         267     1.40684   0.0375267     0.96899     5.86458
         268      1.4838   0.0385394     0.96899     5.02415
         269      1.3958   0.0373791     0.96899      6.1144
         270     1.39468   0.0373641     0.96899      5.8232
         271     1.40154   0.0374559     0.96899     5.12234
         272      1.8162   0.0426382     0.96899     6.59864
         273     1.96615   0.0443635     0.96899     5.45751
         274     1.33885   0.0366086    0.967719      4.1536
         275     1.53708   0.0392252    0.967719     6.98548
         276     1.42526   0.0377714     0.96899     3.91234
         277     1.71343   0.0414143     0.96899     5.92865
         278     1.51083   0.0388888     0.96899      4.6281
         279       1.865   0.0432073     0.96899     5.64204
         280     1.78688   0.0422927     0.96899     4.88001
         281     1.54995   0.0393891     0.96899     5.33978
         282     1.61828    0.040248     0.96899     6.28481
         283     1.94251   0.0440959     0.96899     6.75563
         284     1.66244   0.0407934     0.96899     5.50319
         285     1.45127   0.0381147     0.96899     4.17029
         286     1.47715   0.0384529    0.967681     5.25103
         287     1.46899   0.0383465     0.96616     5.64503
         288     1.47278    0.038396     0.96616     6.14694
         289     1.77869   0.0421956    0.967681     6.43227
         290     1.43325   0.0378772    0.965619      5.3212
         291     1.83423   0.0428494     0.96899     6.07994
         292     1.37927   0.0371571     0.96899     5.79789
         293     1.60629   0.0400986    0.967719     5.35183
         294     1.98215   0.0445436    0.967719      6.1067
         295     2.36321   0.0486372     0.96899     6.94839
         296     2.10094   0.0458589    0.965619     7.72334
         297     1.77592   0.0421627    0.965619     5.75357
         298     1.70288   0.0412866    0.965619     6.05756
         299     1.89658   0.0435716    0.965619     6.50372
         300      1.6388   0.0405024    0.965619     6.30392
