-8.71336
-8.46073
-8.30965
-8.26753
-8.18269
-8.11378
-7.98391
-7.97764
-7.95146
-7.85437
-7.77765
-7.77684
-7.81408
-7.81451
-7.8528
-7.84432
-7.76755
-7.73831
-7.61407
-7.58621
-7.43886
-7.5541
-7.50249
-7.57283
-7.61751
-7.66179
-7.58944
-7.56711
-7.58089
-7.60562
-7.59277
-7.57836
-7.57254
-7.57847
-7.63205
-7.65592
-7.61826
-7.6383
-7.62822
-7.67001
-7.74739
-7.71079
-7.6568
-7.64692
-7.6869
-7.73612
-7.71134
-7.63787
-7.65932
-7.64196
-7.58616
-7.57881
-7.64026
-7.61676
-7.53893
-7.60815
-7.67905
-7.80892
-7.73608
-7.77735
-7.70625
-7.76035
-7.71491
-7.67657
-7.60971
-7.51142
-7.49499
-7.49516
-7.49303
-7.54552
-7.52673
-7.56146
-7.55119
-7.5776
-7.63717
-7.67614
-7.63899
-7.63055
-7.70422
-7.75158
-7.76055
-7.78236
-7.77017
-7.75345
-7.70214
-7.60768
-7.61565
-7.6549
-7.6507
-7.66846
-7.6558
-7.65671
-7.63043
-7.64849
-7.61816
-7.62017
-7.6051
-7.54379
-7.56379
-7.54838
-7.61615
-7.53096
-7.49573
-7.47858
-7.48778
-7.53684
-7.55972
-7.56687
-7.53112
-7.58348
-7.53144
-7.55355
-7.63422
-7.64013
-7.59057
-7.60988
-7.65549
-7.69318
-7.63492
-7.65243
-7.61128
-7.47159
-7.56266
-7.53617
-7.51824
-7.56076
-7.62885
-7.65673
-7.61444
-7.59552
-7.75203
-7.72377
-7.66054
-7.68169
-7.73421
-7.61728
-7.62342
-7.62995
-7.61818
-7.59797
-7.54783
-7.60544
-7.62297
-7.58646
-7.59013
-7.57879
-7.54817
-7.51748
-7.54582
-7.60139
-7.60062
-7.56487
-7.56993
-7.58618
-7.57128
-7.61929
-7.62446
-7.56717
-7.64423
-7.54145
-7.52278
-7.60289
-7.60981
-7.54189
-7.57817
-7.55147
-7.51224
-7.47738
-7.4615
-7.5392
-7.52175
-7.54268
-7.52383
-7.57489
-7.59052
-7.65019
-7.59434
-7.62548
-7.67676
-7.6272
-7.61532
-7.62278
-7.68608
-7.6452
-7.59405
-7.64334
-7.62706
-7.57303
-7.59438
-7.55773
-7.57869
-7.51899
-7.46803
-7.5399
-7.66905
-7.60858
-7.61731
-7.53629
-7.66381
-7.6629
-7.64165
-7.63156
-7.58123
-7.6103
-7.64725
-7.68233
-7.63622
-7.58775
-7.52469
-7.53931
-7.55664
-7.63323
-7.54155
-7.51659
-7.46245
-7.39598
-7.50115
-7.57064
-7.50903
-7.60421
-7.68629
-7.6815
-7.70359
-7.68825
-7.64813
-7.6646
-7.65573
-7.64125
-7.64663
-7.60184
-7.54699
-7.51518
-7.55405
-7.52431
-7.55962
-7.59307
-7.58804
-7.57442
-7.48754
-7.40332
-7.44216
-7.49435
-7.51798
-7.57845
-7.56303
-7.51288
-7.45396
-7.37973
-7.46465
-7.37956
-7.4618
-7.37146
-7.40635
-7.46071
-7.50797
-7.61029
-7.59858
-7.54721
-7.59727
-7.70147
-7.75035
-7.79126
-7.78955
-7.76062
-7.7315
-7.66161
-7.62227
-7.62128
-7.59367
-7.58946
-7.55335
-7.46995
-7.54008
-7.60265
-7.60339
-7.56554
-7.54257
-7.58083
-7.55288
-7.4323
-7.38734
-7.42191
-7.49143
-7.44903
-7.50717
-7.58095
-7.48499
-7.5146
-7.48044
-7.45769
-7.49469
-7.47292
-7.53847
-7.5357
-7.51039
-7.53842
-7.47444
-7.50644
-7.449
-7.44033
-7.47612
-7.48611
-7.47762
-7.51874
-7.43087
-7.46442
-7.49459
-7.47574
-7.32633
-7.27023
-7.29576
-7.28223
-7.29494
-7.37308
-7.3614
-7.32212
-7.424
-7.47432
-7.51224
-7.51152
-7.53447
-7.56826
-7.54252
-7.51894
-7.53257
-7.55215
-7.49331
-7.50362
-7.52464
-7.48532
-7.47806
-7.53981
-7.60351
-7.58116
-7.57721
-7.51859
-7.44096
-7.41121
-7.42509
-7.3838
-7.45332
-7.50269
-7.48673
-7.56662
-7.54737
-7.54849
-7.56305
-7.4756
-7.49721
-7.62
-7.62044
-7.60866
-7.64657
-7.57598
-7.52859
-7.47736
-7.53152
-7.47325
-7.47856
-7.4842
-7.51569
-7.50119
-7.37165
-7.48351
-7.49954
-7.57355
-7.5623
-7.43958
-7.54825
-7.55962
-7.51231
-7.51834
-7.51656
-7.54684
-7.55832
-7.5064
-7.48453
-7.52481
-7.48735
-7.58988
-7.55824
-7.60033
-7.58366
-7.54312
-7.57676
-7.60103
-7.63758
-7.57179
-7.58058
-7.59961
-7.56229
-7.61048
-7.57639
-7.5279
-7.51849
-7.47067
-7.51452
-7.58304
-7.59174
-7.67845
-7.63505
-7.63992
-7.61229
-7.59055
-7.61902
-7.63832
-7.61274
-7.64139
-7.62644
-7.65065
-7.67775
-7.65766
-7.66784
-7.64618
-7.69136
-7.62714
-7.60104
-7.4545
-7.51295
-7.56602
-7.58034
-7.64779
-7.75557
-7.65849
-7.62462
-7.65641
-7.69283
-7.60005
-7.60835
-7.56788
-7.59531
-7.58679
-7.5547
-7.52934
-7.49206
-7.60564
-7.67282
-7.58969
-7.56161
-7.54125
-7.57183
-7.59449
-7.61608
-7.69575
-7.68434
-7.58866
-7.63591
-7.58597
-7.64492
-7.60979
-7.63595
-7.59075
-7.61031
-7.60689
-7.5362
-7.51731
-7.49714
-7.50234
-7.42226
-7.55122
-7.56419
-7.49377
-7.49436
-7.52772
-7.58858
-7.58579
-7.64695
-7.65651
-7.62302
-7.62226
-7.63443
-7.5291
-7.52623
-7.51005
-7.47218
-7.48043
-7.49169
-7.49588
-7.5564
-7.57328
-7.54378
-7.58032
-7.63962
-7.66391
-7.56407
-7.59379
-7.60171
-7.52542
-7.59873
-7.56291
-7.47815
-7.5712
-7.54457
-7.54358
-7.5825
-7.59185
-7.55334
-7.66242
-7.61785
-7.64359
-7.65829
-7.66427
-7.63746
-7.67103
-7.61982
-7.64912
-7.66657
-7.62453
-7.65435
-7.62168
-7.62981
-7.65463
-7.56949
-7.57086
-7.54197
-7.53332
-7.61056
-7.52652
-7.58085
-7.55071
-7.63255
-7.53177
-7.52232
-7.51856
-7.61627
-7.66313
-7.6242
-7.68858
-7.75755
-7.7364
-7.77429
-7.7329
-7.67918
-7.6938
-7.70143
-7.70786
-7.66948
-7.73978
-7.7353
-7.69796
-7.67024
-7.66768
-7.6624
-7.70479
-7.63225
-7.6996
-7.68555
-7.60392
-7.57348
-7.52836
-7.55206
-7.55804
-7.50906
-7.4759
-7.48258
-7.48558
-7.50773
-7.54194
-7.61344
-7.60591
-7.59038
-7.58545
-7.62184
-7.63504
-7.60617
-7.60792
-7.54483
-7.52029
-7.62621
-7.53914
-7.59045
-7.62672
-7.61219
-7.57963
-7.50417
-7.51525
-7.43804
-7.51137
-7.56082
-7.51677
-7.45854
-7.45484
-7.3721
-7.44323
-7.42384
-7.45375
-7.41697
-7.37026
-7.39818
-7.43593
-7.50865
-7.55467
-7.57781
-7.58989
-7.56149
-7.55355
-7.60792
-7.56146
-7.62224
-7.63117
-7.67044
-7.61632
-7.58453
-7.59167
-7.59375
-7.61691
-7.58737
-7.5661
-7.57611
-7.57084
-7.57358
-7.56096
-7.60959
-7.67926
-7.70133
-7.62473
-7.63549
-7.65745
-7.62627
-7.71299
-7.69553
-7.73993
-7.68757
-7.65935
-7.65748
-7.6314
-7.62807
-7.61537
-7.53796
-7.49965
-7.53087
-7.56899
-7.49638
-7.50015
-7.55326
-7.57353
-7.63613
-7.6968
-7.76051
-7.68092
-7.6415
-7.59708
-7.57
-7.61944
-7.57479
-7.60907
-7.58894
-7.58157
-7.63762
-7.6151
-7.58553
-7.56176
-7.55709
-7.53058
-7.54736
-7.65945
-7.63887
-7.56862
-7.5814
-7.63288
-7.61548
-7.65575
-7.67397
-7.65746
-7.66488
-7.61635
-7.49904
-7.48299
-7.54524
-7.55401
-7.62253
-7.5821
-7.60944
-7.61217
-7.63026
-7.56216
-7.56595
-7.5233
-7.62613
-7.66198
-7.61956
-7.59674
-7.66374
-7.71369
-7.72955
-7.76442
-7.77228
-7.78058
-7.73166
-7.66674
-7.66962
-7.69259
-7.68641
-7.65775
-7.58265
-7.5747
-7.6087
-7.56674
-7.56368
-7.65056
-7.65959
-7.54922
-7.51734
-7.43741
-7.53665
-7.52542
-7.49377
-7.51567
-7.45459
-7.44146
-7.47712
-7.47029
-7.48099
-7.5096
-7.53817
-7.48809
-7.52746
-7.4217
-7.48539
-7.56374
-7.54693
-7.51167
-7.49874
-7.47507
-7.43935
-7.41649
-7.4766
-7.47581
-7.54199
-7.54359
-7.45021
-7.47646
-7.54251
-7.58099
-7.56669
-7.61571
-7.63474
-7.61194
-7.67778
-7.66462
-7.60116
-7.60032
-7.67909
-7.59368
-7.50264
-7.53406
-7.56013
-7.58254
-7.59657
-7.48675
-7.52806
-7.50479
-7.47485
-7.43376
-7.52697
-7.54661
-7.53587
-7.51343
-7.53901
-7.57537
-7.55459
-7.55056
-7.58114
-7.62566
-7.65878
-7.6594
-7.62014
-7.63854
-7.59458
-7.58665
-7.62997
-7.66117
-7.68443
-7.69126
-7.71849
-7.71508
-7.73333
-7.70597
-7.60883
-7.56531
-7.54082
-7.53922
-7.53805
-7.57354
-7.62535
-7.58955
-7.59598
-7.58688
-7.56885
-7.67932
-7.7233
-7.66531
-7.68047
-7.67987
-7.70681
-7.71353
-7.75138
-7.67968
-7.6159
-7.66741
-7.63993
-7.56521
-7.55076
-7.58766
-7.63867
-7.51576
-7.55938
-7.54661
-7.61221
-7.5259
-7.56569
-7.50002
-7.45661
-7.49022
-7.48651
-7.59818
-7.61015
-7.67215
-7.63909
-7.63295
-7.58237
-7.55714
-7.55585
-7.47162
-7.49089
-7.52451
-7.54503
-7.65178
-7.54523
-7.60179
-7.53947
-7.56722
-7.52445
-7.46218
-7.45154
-7.49439
-7.52937
-7.5601
-7.51913
-7.5344
-7.53705
-7.48103
-7.49498
-7.48809
-7.4631
-7.47774
-7.38745
-7.48522
-7.40133
-7.39117
-7.40204
-7.48716
-7.49937
-7.43972
-7.50246
-7.47575
-7.56637
-7.62656
-7.55661
-7.66628
-7.59182
-7.62402
-7.63073
-7.60725
-7.61263
-7.67348
-7.68134
-7.70458
-7.66918
-7.67658
-7.67135
-7.68533
-7.6612
-7.62291
-7.67647
-7.65571
-7.67768
-7.59232
-7.54544
-7.56097
-7.53685
-7.52137
-7.45818
-7.46685
-7.38134
-7.4525
-7.4701
-7.50644
-7.49333
-7.53069
-7.56082
-7.50657
-7.44297
-7.39419
-7.40442
-7.40075
-7.37125
-7.45235
-7.55915
-7.52595
-7.48768
-7.50563
-7.58969
-7.61378
-7.58698
-7.61806
-7.57815
-7.54907
-7.60984
-7.58222
-7.54173
-7.52699
-7.46697
-7.54113
-7.62924
-7.62677
-7.56867
-7.5439
-7.46736
-7.48518
-7.4134
-7.44354
-7.50025
-7.53883
-7.45119
-7.49303
-7.5399
-7.61869
-7.61742
-7.67784
-7.65081
-7.64404
-7.65635
-7.64973
-7.64211
-7.61823
-7.57788
-7.50876
-7.50606
-7.51714
-7.53598
-7.46483
-7.46054
-7.54321
-7.5626
-7.53635
-7.59469
-7.45913
-7.51877
-7.59637
-7.55366
-7.59084
-7.59708
-7.50468
-7.49284
-7.47972
-7.47024
-7.55257
-7.49448
-7.42478
-7.42854
-7.41072
-7.41264
-7.4069
-7.3906
-7.43227
-7.49051
-7.49863
-7.44041
-7.4611
-7.51923
-7.58237
-7.5905
-7.51416
-7.57901
-7.60224
-7.62261
-7.63457
-7.69688
-7.54944
-7.56784
-7.58021
-7.59213
-7.55766
-7.52771
-7.58155
-7.52628
-7.48019
-7.48074
-7.39335
-7.51368
-7.53857
-7.54092
-7.51144
-7.56257
-7.60024
-7.65095
-7.57083
-7.56292
-7.57988
-7.5225
