           1    0.771748    0.771748           0
           2    0.769146    0.770447 0.000920115
           3    0.767221    0.769372  0.00107094
           4     0.76964    0.769439 0.000805311
           5    0.768942     0.76934 0.000650341
           6    0.768298    0.769166 0.000564646
           7    0.772682    0.769668  0.00067116
           8    0.764295    0.768997 0.000860013
           9    0.770061    0.769115 0.000772547
          10    0.771111    0.769315 0.000720622
          11     0.76598    0.769011  0.00071605
          12    0.768179    0.768942 0.000659731
          13    0.767846    0.768858 0.000614347
          14    0.766021    0.768655 0.000602952
          15    0.767025    0.768546 0.000572466
          16    0.771485     0.76873 0.000565388
          17    0.772999    0.768981 0.000585256
          18    0.767576    0.768903 0.000557925
          19     0.76803    0.768857 0.000530451
          20    0.769426    0.768886 0.000504692
          21    0.764847    0.768693 0.000516005
          22    0.770994    0.768798 0.000503033
          23     0.76695    0.768717 0.000487538
          24      0.7716    0.768838 0.000481791
          25    0.767511    0.768785 0.000465431
          26    0.769503    0.768812 0.000448349
          27    0.767103    0.768749  0.00043619
          28    0.769699    0.768783  0.00042193
          29    0.765587    0.768673 0.000421527
          30    0.766273    0.768593 0.000414998
          31    0.768672    0.768595 0.000401619
          32    0.770171    0.768644 0.000392076
          33    0.768149    0.768629 0.000380482
          34    0.765122    0.768526 0.000383018
          35    0.767816    0.768506 0.000372613
          36    0.768915    0.768517 0.000362436
          37    0.766997    0.768476 0.000354962
          38    0.768166    0.768468 0.000345715
          39    0.766803    0.768425 0.000339477
          40    0.768109    0.768417 0.000331082
          41    0.770813    0.768476  0.00032812
          42    0.765424    0.768403 0.000328256
          43    0.765454    0.768335  0.00032771
          44    0.768472    0.768338 0.000320277
          45    0.769404    0.768361 0.000314035
          46    0.770384    0.768405 0.000310272
          47     0.76964    0.768432 0.000304779
          48    0.767102    0.768404 0.000299685
          49    0.766983    0.768375  0.00029497
          50    0.766278    0.768333 0.000292037
