           0   0.0230664           0           0
           1   0.0461329           0           0
           2   0.0691993           0           0
           3   0.0922657           0           0
           4    0.115332           0           0
           5    0.138399           0           0
           6    0.161465           0           0
           7    0.184531           0           0
           8    0.207598           0           0
           9    0.230664           0           0
          10    0.253731           0           0
          11    0.276797           0           0
          12    0.299864           0           0
          13     0.32293           0           0
          14    0.345996           0           0
          15    0.369063           0           0
          16    0.392129           0           0
          17    0.415196           0           0
          18    0.438262           0           0
          19    0.461329           0           0
          20    0.484395           0           0
          21    0.507461           0           0
          22    0.530528           0           0
          23    0.553594           0           0
          24    0.576661           0           0
          25    0.599727           0           0
          26    0.622794           0           0
          27     0.64586           0           0
          28    0.668926           0           0
          29    0.691993           0           0
          30    0.715059           0           0
          31    0.738126           0           0
          32    0.761192           0           0
          33    0.784259           0           0
          34    0.807325           0           0
          35    0.830391           0           0
          36    0.853458           0           0
          37    0.876524           0           0
          38    0.899591 5.59674e-05  3.0269e-05
          39    0.922657  0.00253545 0.000203789
          40    0.945724   0.0398654 0.000938823
          41     0.96879    0.262038  0.00238988
          42    0.991856    0.931438  0.00361664
          43     1.01492     2.12198  0.00676165
          44     1.03799      3.4869  0.00867603
          45     1.06106     4.45909  0.00890209
          46     1.08412     4.71162   0.0103708
          47     1.10719     4.32769  0.00812475
          48     1.13026     3.51737  0.00826771
          49     1.15332     2.58021  0.00758675
          50     1.17639     1.74397   0.0060642
          51     1.19945      1.0799  0.00395922
          52     1.22252    0.632508  0.00357784
          53     1.24559    0.337839  0.00289089
          54     1.26865    0.169679  0.00184702
          55     1.29172   0.0834205  0.00140586
          56     1.31479   0.0448448  0.00112668
          57     1.33785   0.0409548  0.00119051
          58     1.36092   0.0598256  0.00138139
          59     1.38399    0.103809  0.00194565
          60     1.40705    0.180611  0.00249419
          61     1.43012    0.294935  0.00263252
          62     1.45319    0.440095  0.00252104
          63     1.47625    0.609997  0.00274265
          64     1.49932    0.771834  0.00319987
          65     1.52238    0.889844  0.00416585
          66     1.54545    0.936393  0.00515344
          67     1.56852    0.892741  0.00396307
          68     1.59158    0.781478  0.00307918
          69     1.61465    0.623575  0.00211877
          70     1.63772    0.455223  0.00189682
          71     1.66078    0.308712  0.00235217
          72     1.68385     0.21551   0.0022394
          73     1.70692    0.187954   0.0022664
          74     1.72998    0.246966  0.00221401
          75     1.75305    0.420642   0.0024468
          76     1.77612    0.726128  0.00321926
          77     1.79918     1.16408  0.00340319
          78     1.82225     1.68667  0.00416383
          79     1.84531     2.18458   0.0037371
          80     1.86838     2.54073  0.00443529
          81     1.89145     2.64882  0.00565756
          82     1.91451     2.49882  0.00651457
          83     1.93758     2.13589  0.00500504
          84     1.96065     1.65368  0.00327247
          85     1.98371     1.16962  0.00266056
          86     2.00678    0.778732  0.00265693
          87     2.02985    0.526067  0.00280674
          88     2.05291     0.42334  0.00291551
          89     2.07598    0.449625  0.00228319
          90     2.09905    0.575747  0.00185275
          91     2.12211    0.749404   0.0022935
          92     2.14518    0.900906  0.00246179
          93     2.16824    0.985203  0.00283733
          94     2.19131    0.984562  0.00259659
          95     2.21438    0.904477  0.00259923
          96     2.23744    0.779285   0.0020962
          97     2.26051    0.649253  0.00235397
          98     2.28358    0.563733  0.00307005
          99     2.30664    0.563088  0.00304226
