           1    -7.57063    -7.57063           0
           2    -7.56637     -7.5685  0.00150385
           3    -7.56404    -7.56701  0.00157428
           4    -7.56633    -7.56684  0.00118996
           5    -7.56475    -7.56642  0.00102287
           6     -7.5637    -7.56597 0.000948155
           7    -7.57079    -7.56666  0.00103264
           8    -7.55885    -7.56568  0.00128413
           9    -7.56617    -7.56574   0.0011426
          10    -7.56798    -7.56596  0.00105021
          11    -7.56057    -7.56547  0.00106309
          12    -7.56483    -7.56542 0.000975836
          13    -7.56415    -7.56532 0.000905626
          14    -7.56089      -7.565 0.000894595
          15    -7.56187    -7.56479 0.000859042
          16    -7.56995    -7.56512 0.000863758
          17    -7.57162     -7.5655  0.00089369
          18    -7.56322    -7.56537 0.000852967
          19    -7.56339    -7.56527 0.000814444
          20    -7.56589     -7.5653 0.000774313
          21    -7.55966    -7.56503 0.000782587
          22    -7.56819    -7.56517 0.000760073
          23    -7.56231    -7.56505 0.000737175
          24    -7.56995    -7.56525 0.000734133
          25    -7.56299    -7.56516  0.00071035
          26     -7.5656    -7.56518 0.000683226
          27    -7.56216    -7.56507 0.000667004
          28    -7.56654    -7.56512 0.000645237
          29    -7.56027    -7.56495 0.000644309
          30    -7.56183    -7.56485 0.000631209
          31    -7.56518    -7.56486 0.000610938
          32    -7.56767    -7.56495 0.000598118
          33    -7.56345     -7.5649 0.000581723
          34    -7.55938    -7.56474 0.000586867
          35    -7.56374    -7.56471 0.000570793
          36     -7.5649    -7.56472 0.000554961
          37    -7.56238    -7.56465 0.000543551
          38    -7.56388    -7.56463 0.000529633
          39    -7.56157    -7.56455 0.000521833
          40    -7.56341    -7.56453 0.000509577
          41    -7.56744     -7.5646 0.000502079
          42    -7.55985    -7.56448 0.000502683
          43    -7.55982    -7.56438 0.000502544
          44    -7.56427    -7.56437 0.000491128
          45    -7.56599    -7.56441 0.000481524
          46    -7.56691    -7.56446 0.000474128
          47    -7.56702    -7.56452 0.000467142
          48    -7.56395    -7.56451 0.000457558
          49    -7.56321    -7.56448 0.000448988
          50    -7.56063     -7.5644 0.000446572
