         100     3     3.80299
         200     7     2.73152
         300     8      2.2278
         400     6     1.82474
         500     8      1.7595
         600     7     1.46818
         700     7     1.38363
         800     8     1.35025
         900     8     1.26863
        1000     8     1.25649
        1200     4     1.24595
        1300     7     1.17109
        1400     7       1.129
        1600     7     1.09842
        2600     6     1.06765
        2700     6     1.06385
        2900     7    0.996152
        3000     7    0.992751
        3100     8    0.982096
        3400     8    0.978873
        3800     8    0.978229
        4500     8    0.978036
        5600     8    0.948864
        5900     8    0.914751
        7900     8    0.905996
        8000     8    0.897254
        8900     8    0.896463
        9000     8    0.896463
        9200     8      0.8944
