           1   -0.720828   -0.720828           0
           2   -0.669641   -0.695235   0.0180974
           3   -0.708243   -0.699571   0.0125737
           4   -0.705822   -0.701134  0.00952694
           5   -0.669728   -0.694853  0.00946838
           6   -0.723181   -0.699574  0.00899075
           7   -0.620196   -0.688234   0.0130234
           8   -0.702206   -0.689981    0.011512
           9   -0.695299   -0.690572    0.010248
          10   -0.722416   -0.693756  0.00970537
          11   -0.692338   -0.693627  0.00882392
          12   -0.684512   -0.692868  0.00812122
          13   -0.458984   -0.674876   0.0188409
          14   -0.731366   -0.678911   0.0179219
          15   -0.689692    -0.67963   0.0167415
          16   -0.649049   -0.677719   0.0158039
          17   -0.734205   -0.681042   0.0152196
          18   -0.716735   -0.683025   0.0145027
          19   -0.640636   -0.680794   0.0139099
          20   -0.513282   -0.672418   0.0155326
          21   -0.757455   -0.676467   0.0153117
          22   -0.693925   -0.677261   0.0146363
          23   -0.718982   -0.679075   0.0141119
          24   -0.693709   -0.679685   0.0135371
          25   -0.719638   -0.681283   0.0130896
          26   -0.562721   -0.676723   0.0133568
          27   -0.752671   -0.679536    0.013155
          28   -0.724679   -0.681148   0.0127836
          29    -0.80197   -0.685314    0.013004
          30   -0.695557   -0.685656    0.012575
          31   -0.769195    -0.68835   0.0124548
          32   -0.674821   -0.687928   0.0120727
          33   -0.770213   -0.690421   0.0119616
          34   -0.732663   -0.691663   0.0116741
          35   -0.745044   -0.693189   0.0114398
          36   -0.667046   -0.692462    0.011145
          37   -0.693121    -0.69248   0.0108438
          38   -0.572683   -0.689328   0.0110072
          39   -0.817788   -0.692622    0.011207
          40   -0.600193   -0.690311   0.0111625
          41     -0.7295   -0.691267   0.0109311
          42   -0.681486   -0.691034   0.0106733
          43   -0.553067   -0.687825   0.0108967
          44    -0.74776   -0.689187   0.0107338
          45   -0.698417   -0.689393   0.0104972
          46   -0.579598   -0.687006   0.0105369
          47   -0.705861   -0.687407   0.0103204
          48   -0.627813   -0.686165   0.0101798
          49   -0.678426   -0.686007  0.00997323
          50    -0.80822   -0.688452   0.0100688
          51   -0.743585   -0.689533  0.00992926
          52   -0.697162   -0.689679   0.0097394
          53   -0.714047   -0.690139  0.00956648
          54   -0.730493   -0.690886  0.00941847
          55   -0.798141   -0.692837  0.00944695
          56   -0.780125   -0.694395  0.00940597
          57   -0.688201   -0.694287  0.00924158
          58   -0.780234   -0.695768  0.00920028
          59   -0.747618   -0.696647  0.00908622
          60   -0.690261   -0.696541   0.0089354
          61   -0.732122   -0.697124  0.00880794
          62   -0.760256   -0.698142  0.00872454
          63   -0.695313   -0.698097  0.00858617
          64    -0.69192   -0.698001  0.00845255
          65   -0.654501   -0.697332  0.00834896
          66   -0.791884   -0.698764  0.00834447
          67   -0.737818   -0.699347  0.00824026
          68   -0.742555   -0.699983  0.00814354
          69   -0.742322   -0.700596   0.0080486
          70   -0.751259    -0.70132   0.0079661
          71    -0.81608   -0.702936   0.0080162
          72   -0.751402   -0.703609  0.00793308
          73   -0.798618   -0.704911  0.00793045
          74   -0.732964    -0.70529  0.00783233
          75   -0.769159   -0.706142  0.00777406
          76   -0.705412   -0.706132  0.00767178
          77   -0.774829   -0.707024  0.00762384
          78   -0.774673   -0.707891  0.00757527
          79   -0.717605   -0.708014  0.00748038
          80   -0.714054    -0.70809  0.00738726
          81   -0.713029   -0.708151  0.00729631
          82   -0.773306   -0.708945  0.00725046
          83    -0.66499   -0.708416  0.00718242
          84    -0.68166   -0.708097  0.00710398
          85   -0.756244   -0.708664  0.00704295
          86   -0.709543   -0.708674  0.00696106
          87   -0.645913   -0.707953  0.00691833
          88   -0.779411   -0.708765   0.0068872
          89   -0.714065   -0.708824  0.00681007
          90   -0.717381   -0.708919  0.00673507
          91   -0.721377   -0.709056  0.00666245
          92   -0.634223   -0.708243   0.0066395
          93   -0.759019   -0.708789  0.00659052
          94   -0.717085   -0.708877  0.00652099
          95   -0.692415   -0.708704  0.00645465
          96   -0.761375   -0.709252  0.00641069
          97     -0.6557     -0.7087  0.00636833
          98   -0.540414   -0.706983  0.00653077
          99   -0.701369   -0.706926  0.00646505
         100   -0.707716   -0.706934   0.0064004
         101   -0.732802    -0.70719  0.00634215
         102   -0.738778     -0.7075  0.00628753
         103   -0.778368   -0.708188  0.00626402
         104   -0.790498    -0.70898  0.00625359
         105   -0.642999   -0.708351  0.00622552
         106   -0.728397    -0.70854  0.00616966
         107   -0.743616   -0.708868   0.0061207
         108   -0.739509   -0.709152   0.0060706
         109   -0.719915   -0.709251  0.00601571
         110   -0.775808   -0.709856  0.00599138
         111   -0.749295   -0.710211  0.00594793
         112   -0.634703   -0.709537   0.0059329
         113   -0.702166   -0.709472  0.00588076
         114   -0.642352   -0.708883  0.00585857
         115   -0.742365   -0.709174  0.00581486
         116   -0.674958   -0.708879  0.00577221
         117   -0.716555   -0.708945  0.00572324
         118    -0.76831   -0.709448  0.00569681
         119   -0.717502   -0.709515  0.00564934
         120   -0.636363   -0.708906  0.00563506
         121   -0.658116   -0.708486   0.0056041
         122   -0.777759   -0.709054  0.00558685
         123   -0.748914   -0.709378  0.00555082
         124   -0.677549   -0.709121  0.00551199
         125   -0.725829   -0.709255  0.00546952
         126   -0.686979   -0.709078  0.00542896
         127   -0.726572   -0.709216  0.00538796
         128   -0.673812   -0.708939  0.00535296
         129   -0.778504   -0.709478  0.00533856
         130   -0.758202   -0.709853  0.00531064
         131   -0.741956   -0.710098  0.00527575
         132   -0.797148   -0.710758  0.00527684
         133   -0.599787   -0.709923  0.00530271
         134   -0.650479    -0.70948  0.00528167
         135   -0.716641   -0.709533  0.00524281
         136   -0.724356   -0.709642  0.00520539
         137   -0.613807   -0.708942  0.00521419
         138   -0.790539   -0.709534  0.00520982
         139   -0.701974   -0.709479  0.00517262
         140   -0.752802   -0.709789  0.00514492
         141   -0.806662   -0.710476   0.0051541
         142   -0.641775   -0.709992  0.00514046
         143   -0.748145   -0.710259  0.00511144
         144   -0.594006   -0.709451   0.0051393
         145   -0.759736   -0.709798  0.00511554
         146   -0.606124   -0.709088  0.00512955
         147   -0.662456   -0.708771  0.00510446
         148    -0.70986   -0.708778  0.00506997
         149   -0.681231   -0.708593  0.00503932
         150   -0.657652   -0.708254  0.00501715
         151   -0.768124    -0.70865  0.00499957
         152   -0.749413   -0.708918  0.00497386
         153   -0.731751   -0.709068  0.00494359
         154   -0.737363   -0.709251   0.0049149
         155   -0.619061   -0.708669  0.00491752
         156   -0.759551   -0.708996   0.0048968
         157   -0.595111    -0.70827  0.00491904
         158   -0.770545   -0.708664  0.00490368
         159   -0.725816   -0.708772  0.00487402
         160   -0.672197   -0.708544  0.00484892
         161   -0.798682   -0.709104  0.00485101
         162    -0.72419   -0.709197  0.00482196
         163   -0.775136   -0.709601  0.00480932
         164   -0.685862   -0.709456  0.00478217
         165   -0.709131   -0.709455  0.00475319
         166   -0.637214   -0.709019  0.00474443
         167   -0.629288   -0.708542  0.00473999
         168   -0.624914   -0.708044  0.00473784
         169   -0.596903   -0.707386  0.00475523
         170   -0.586179   -0.706673  0.00478041
         171   -0.710952   -0.706699  0.00475252
         172   -0.719946   -0.706776  0.00472551
         173   -0.733597   -0.706931  0.00470074
         174     -0.6128    -0.70639  0.00470475
         175   -0.780076   -0.706811  0.00469667
         176   -0.700477   -0.706775  0.00467012
         177   -0.685772   -0.706656  0.00464524
         178   -0.641127   -0.706288  0.00463371
         179   -0.702121   -0.706265  0.00460788
         180   -0.772503   -0.706633  0.00459695
         181   -0.755286   -0.706901  0.00457941
         182   -0.822154   -0.707535  0.00459782
         183   -0.550111   -0.706674  0.00465248
         184   -0.784132   -0.707095   0.0046462
         185   -0.792436   -0.707557  0.00464393
         186   -0.719135   -0.707619  0.00461938
         187   -0.651586   -0.707319  0.00460438
         188   -0.706245   -0.707314  0.00457989
         189    -0.78728   -0.707737  0.00457516
         190    -0.77947   -0.708114  0.00456663
         191   -0.778108   -0.708481  0.00455741
         192   -0.731945   -0.708603  0.00453531
         193   -0.640925   -0.708252  0.00452534
         194   -0.751038   -0.708473  0.00450739
         195   -0.730918   -0.708588  0.00448574
         196   -0.755982    -0.70883  0.00446937
         197   -0.688934   -0.708729  0.00444782
         198   -0.746904   -0.708921  0.00442954
         199   -0.738664   -0.709071   0.0044098
         200   -0.686989   -0.708961  0.00438913
