           1    -0.40477    -0.40477           0
           2   -0.330047   -0.367408   0.0264186
           3   -0.396663    -0.37716   0.0193285
           4   -0.426859   -0.389585   0.0180534
           5   -0.374253   -0.386518   0.0147008
           6     -0.4321   -0.394115   0.0140774
           7   -0.361092   -0.389398   0.0128325
           8   -0.385753   -0.388942   0.0112366
           9   -0.393628   -0.389463   0.0100001
          10   -0.388297   -0.389346  0.00900077
          11   -0.383846   -0.388846   0.0081964
          12   -0.376534    -0.38782  0.00757731
          13    -0.21882    -0.37482   0.0143151
          14   -0.424428   -0.378363   0.0137241
          15   -0.400352   -0.379829   0.0128872
          16   -0.348521   -0.377873   0.0122294
          17   -0.406869   -0.379578   0.0116284
          18   -0.388632   -0.380081   0.0109933
          19   -0.390057   -0.380606   0.0104272
          20    -0.23385   -0.373268   0.0122179
          21    -0.42503   -0.375733   0.0118821
          22   -0.336602   -0.373955   0.0114744
          23   -0.416326   -0.375797   0.0111224
          24   -0.416089   -0.377476   0.0107849
          25   -0.436174   -0.379824    0.010606
          26   -0.275326   -0.375804   0.0109331
          27    -0.43034   -0.377824   0.0107132
          28   -0.407471   -0.378883   0.0103827
          29   -0.462482   -0.381766   0.0104172
          30   -0.376887   -0.381603   0.0100713
          31   -0.489328   -0.385078   0.0103285
          32   -0.384093   -0.385047   0.0100058
          33   -0.439115   -0.386686   0.0098358
          34   -0.410009   -0.387372   0.0095704
          35   -0.439114    -0.38885  0.00941045
          36    -0.38098   -0.388632  0.00915159
          37   -0.361854   -0.387908  0.00893282
          38   -0.314566   -0.385978  0.00890381
          39   -0.466993   -0.388055  0.00891454
          40   -0.309683   -0.386096  0.00890439
          41   -0.424127   -0.387023  0.00873539
          42   -0.406588   -0.387489  0.00853982
          43   -0.248289   -0.384252  0.00893374
          44   -0.446282   -0.385662  0.00884124
          45   -0.400023   -0.385981  0.00865052
          46   -0.313371   -0.384402  0.00860528
          47   -0.412502      -0.385  0.00844293
          48   -0.344902   -0.384165  0.00830826
          49   -0.383723   -0.384156  0.00813871
          50   -0.436304   -0.385199  0.00804249
          51   -0.422138   -0.385923  0.00791734
          52   -0.419149   -0.386562  0.00779082
          53   -0.394296   -0.386708  0.00764519
          54   -0.407848     -0.3871  0.00751363
          55   -0.467572   -0.388563  0.00751813
          56   -0.450846   -0.389675  0.00746569
          57   -0.330963   -0.388645  0.00740543
          58   -0.468131   -0.390015  0.00740347
          59   -0.417664   -0.390484  0.00729281
          60   -0.349314   -0.389798  0.00720347
          61   -0.403658   -0.390025  0.00708896
          62   -0.386616    -0.38997  0.00697483
          63   -0.395696   -0.390061  0.00686472
          64   -0.411836   -0.390401  0.00676588
          65    -0.33383   -0.389531  0.00671753
          66   -0.448724   -0.390428  0.00667535
          67   -0.438472   -0.391145  0.00661413
          68   -0.407899   -0.391391  0.00652145
          69   -0.418298   -0.391781  0.00643858
          70   -0.449069   -0.392599   0.0063984
          71   -0.461735   -0.393573  0.00638195
          72   -0.404553   -0.393726  0.00629513
          73    -0.47216     -0.3948  0.00629992
          74     -0.3962   -0.394819  0.00621482
          75   -0.419233   -0.395145  0.00614047
          76   -0.407767   -0.395311  0.00606192
          77   -0.443607   -0.395938  0.00601556
          78   -0.451096   -0.396645  0.00597985
          79   -0.414629   -0.396873  0.00590849
          80   -0.398477   -0.396893  0.00583467
          81   -0.402516   -0.396962  0.00576305
          82   -0.446239   -0.397563  0.00572401
          83   -0.387574   -0.397443  0.00565631
          84   -0.411167   -0.397606  0.00559134
          85   -0.434208   -0.398037  0.00554211
          86   -0.399496   -0.398054  0.00547769
          87   -0.374424   -0.397782  0.00542146
          88   -0.440087   -0.398263  0.00538113
          89   -0.373835   -0.397988  0.00532766
          90    -0.39151   -0.397916  0.00526895
          91   -0.375538    -0.39767  0.00521679
          92    -0.39081   -0.397596  0.00516061
          93   -0.446936   -0.398126  0.00513232
          94   -0.405736   -0.398207  0.00507836
          95   -0.372459   -0.397936  0.00503213
          96   -0.446178   -0.398439  0.00500474
          97   -0.282712   -0.397246  0.00509337
          98    -0.25834   -0.395828   0.0052349
          99   -0.404182   -0.395913   0.0051827
         100   -0.416547   -0.396119  0.00513498
         101   -0.411187   -0.396268  0.00508631
         102   -0.397803   -0.396283  0.00503646
         103   -0.446526   -0.396771  0.00501113
         104   -0.429975    -0.39709  0.00497311
         105   -0.371303   -0.396845  0.00493181
         106   -0.433518   -0.397191   0.0048974
         107   -0.407336   -0.397286  0.00485255
         108   -0.399054   -0.397302  0.00480764
         109    -0.41741   -0.397486  0.00476708
         110   -0.436273   -0.397839  0.00473676
         111    -0.44292   -0.398245  0.00471147
         112   -0.330466    -0.39764  0.00470811
         113   -0.411769   -0.397765   0.0046681
         114   -0.361167   -0.397444  0.00463818
         115   -0.434525   -0.397766  0.00460904
         116   -0.335348   -0.397228  0.00460061
         117   -0.389914   -0.397166  0.00456171
         118   -0.475211   -0.397827  0.00457075
         119   -0.402472   -0.397866  0.00453251
         120   -0.335901    -0.39735  0.00452406
         121   -0.355722   -0.397006  0.00449973
         122   -0.422684   -0.397216  0.00446777
         123   -0.410228   -0.397322   0.0044327
         124   -0.358997   -0.397013  0.00440771
         125   -0.461113   -0.397526  0.00440218
         126    -0.36638   -0.397279  0.00437417
         127   -0.365678    -0.39703   0.0043468
         128   -0.364758   -0.396778  0.00432015
         129   -0.458792   -0.397258  0.00431332
         130   -0.428189   -0.397496   0.0042867
         131   -0.410556   -0.397596  0.00425514
         132   -0.481978   -0.398235  0.00427065
         133    -0.30383   -0.397526  0.00429712
         134   -0.334234   -0.397053  0.00429093
         135   -0.394696   -0.397036  0.00425919
         136   -0.405571   -0.397098  0.00422833
         137   -0.322233   -0.396552  0.00423263
         138   -0.448861   -0.396931   0.0042189
         139   -0.371776    -0.39675  0.00419243
         140   -0.427996   -0.396973  0.00416842
         141    -0.42549   -0.397176  0.00414376
         142   -0.360803   -0.396919  0.00412249
         143   -0.407344   -0.396992   0.0040943
         144   -0.292748   -0.396268  0.00412937
         145   -0.448509   -0.396629  0.00411658
         146   -0.305733   -0.396006  0.00413519
         147   -0.355616   -0.395731  0.00411618
         148   -0.376528   -0.395602  0.00409041
         149   -0.399863    -0.39563  0.00406306
         150   -0.352639   -0.395344  0.00404607
         151   -0.446283   -0.395681  0.00403331
         152    -0.42285    -0.39586  0.00401074
         153    -0.34767   -0.395545  0.00399687
         154   -0.415429   -0.395674    0.003973
         155    -0.34121   -0.395322  0.00396288
         156   -0.425932   -0.395519  0.00394233
         157    -0.32766   -0.395086  0.00394084
         158   -0.398461   -0.395108  0.00391596
         159   -0.429409   -0.395324  0.00389727
         160   -0.379833   -0.395227  0.00387411
         161   -0.427226   -0.395425  0.00385514
         162   -0.428827   -0.395632  0.00383686
         163   -0.408719   -0.395712  0.00381416
         164   -0.388446   -0.395668  0.00379116
         165   -0.396786   -0.395674  0.00376819
         166   -0.361805    -0.39547  0.00375101
         167   -0.340958   -0.395144  0.00374272
         168   -0.315282   -0.394669  0.00375051
         169   -0.299664   -0.394106  0.00377021
         170   -0.275142   -0.393407  0.00381243
         171   -0.383456   -0.393348  0.00379058
         172   -0.417411   -0.393488  0.00377112
         173   -0.423329   -0.393661  0.00375326
         174   -0.284024   -0.393031  0.00378421
         175   -0.388328   -0.393004  0.00376268
         176   -0.387513   -0.392973  0.00374144
         177   -0.389973   -0.392956  0.00372034
         178   -0.340775   -0.392663  0.00371097
         179   -0.442989   -0.392944  0.00370087
         180   -0.429806   -0.393148  0.00368597
         181    -0.44473   -0.393433  0.00367661
         182    -0.44469   -0.393715  0.00366718
         183   -0.238025   -0.392864  0.00374452
         184   -0.433992   -0.393088  0.00373084
         185   -0.436419   -0.393322  0.00371802
         186   -0.407266   -0.393397  0.00369878
         187   -0.383358   -0.393343  0.00367939
         188   -0.386237   -0.393306  0.00366002
         189   -0.399155   -0.393337  0.00364078
         190   -0.413511   -0.393443  0.00362317
         191   -0.393017    -0.39344   0.0036042
         192   -0.424691   -0.393603   0.0035891
         193   -0.344366   -0.393348  0.00357956
         194   -0.431413   -0.393544  0.00356648
         195    -0.41001   -0.393629  0.00354919
         196   -0.429594   -0.393812  0.00353582
         197   -0.359677   -0.393639  0.00352212
         198   -0.425544     -0.3938  0.00350801
         199   -0.396366   -0.393813  0.00349041
         200   -0.346788   -0.393578  0.00348087
