           0         0.8         0.6   -0.354724     0.01774
           0     1.64992         0.6     4.12977    0.163573
           0    0.710988         0.6   -0.362384  0.00849789
           1    0.785419         0.6   -0.385069   0.0116739
           2     1.11729         0.6    0.100977   0.0364992
           2    0.841655         0.6   -0.372802   0.0113215
           2    0.785419    0.564918     -0.3324   0.0129423
           2    0.785419    0.926837  0.00521981   0.0536071
           2    0.785419    0.876799   -0.153357   0.0425188
           2    0.785419     1.18608    0.949337    0.165605
           2    0.785419    0.525637   -0.256086   0.0132819
           2    0.213537         0.6    0.870491   0.0431684
           2    0.785419     1.23822     1.10421    0.150437
           2     1.29123         0.6    0.855598   0.0706572
           2    0.311791         0.6     0.57387   0.0355047
           2    0.761107         0.6   -0.379594   0.0107279
           2    0.785419    0.136752     13.4957    0.503906
           2    0.578417         0.6   -0.202925   0.0144002
           2    0.348524         0.6    0.490877   0.0303466
           2    0.785419    0.489625   -0.111331   0.0164822
           2    0.876709         0.6   -0.360256   0.0144243
           2    0.785419     1.22785    0.809923    0.130668
           2     0.71181         0.6   -0.353291   0.0111656
           2     1.06155         0.6  -0.0878168   0.0169076
           2     1.37526         0.6     1.35959   0.0719831
           2    0.785419  0.00277991     21158.3     4435.37
           2    0.785419    0.515533   -0.221358   0.0157669
           2    0.785419    0.871433   -0.121698    0.055091
           2    0.785419    0.479699   -0.046131   0.0187903
           2    0.785419     1.23155       1.394    0.185183
           2    0.785419    0.752702   -0.280748   0.0315121
           2    0.955306         0.6   -0.252888   0.0145434
           2    0.785419    0.163744     9.00126    0.331188
           2    0.785419      1.1679    0.595706    0.108778
           2    0.785419    0.485049   -0.111076   0.0225451
           2     0.54292         0.6   -0.117701   0.0150826
           2    0.785419    0.132255     13.9908    0.547378
           2    0.785419    0.746128   -0.290817   0.0230819
           2     1.07077         0.6  -0.0141962   0.0248478
           2    0.785419      1.2145    0.712864    0.114468
           2    0.927335         0.6    -0.27028   0.0238916
           2    0.483845         0.6   0.0533495    0.019305
           2    0.289655         0.6    0.595854   0.0358083
           2    0.178565         0.6    0.871594   0.0422669
           2    0.785419   0.0563987     81.1869     4.34393
           2    0.785419    0.466583  -0.0190003   0.0213021
           2    0.594981         0.6   -0.207925   0.0119686
           2    0.744864         0.6   -0.363812  0.00960436
           2    0.330692         0.6    0.473385   0.0369918
           2    0.785419    0.647791   -0.393971   0.0126155
           3     1.08218    0.647791 -0.00646892   0.0314524
           3     1.14539    0.647791    0.226754   0.0383478
           3     1.21787    0.647791    0.631002   0.0702105
           3    0.785419     0.58146   -0.357898   0.0118245
           3    0.785419    0.895816  -0.0960451   0.0643933
           3    0.785419     0.14968     10.6148     0.38066
           3    0.785419    0.145986     12.0343    0.423981
           3    0.282469    0.647791    0.556446   0.0352724
           3    0.737045    0.647791   -0.383382   0.0110199
           3    0.785419     1.12851    0.534857   0.0941558
           3    0.985778    0.647791    -0.16834   0.0380574
           3    0.785419    0.553415   -0.320367   0.0120883
           3    0.785419     1.14106    0.768832    0.132968
           3     1.12179    0.647791    0.146466   0.0475612
           3    0.858012    0.647791   -0.384671   0.0163486
           3    0.785419     0.55763   -0.338944   0.0113245
           3    0.832208    0.647791   -0.389432   0.0128021
           3    0.573801    0.647791    -0.18245   0.0134999
           3    0.785419    0.143136     12.6537    0.462998
           3    0.541213    0.647791  -0.0960923   0.0176947
           3    0.778456    0.647791   -0.400163   0.0142309
           4     1.06781    0.647791   0.0123589   0.0386781
           4    0.805042    0.647791   -0.379841   0.0221465
           4     1.01579    0.647791   -0.152239   0.0260776
           4    0.778456    0.381852    0.703648   0.0311118
           4    0.602592    0.647791   -0.222368   0.0129205
           4    0.529759    0.647791  -0.0763904   0.0174138
           4    0.778456    0.605452   -0.394349   0.0103358
           4    0.770098    0.647791   -0.409578   0.0113715
           5    0.782124    0.647791   -0.388759   0.0119072
           5    0.770385    0.647791   -0.411645    0.010522
           6    0.758202    0.647791   -0.398138  0.00931927
           6    0.770385    0.820958   -0.204514   0.0261046
           6    0.770385    0.536839   -0.294326   0.0112717
           6    0.713565    0.647791   -0.358288  0.00899342
           6    0.539896    0.647791  -0.0847196   0.0175387
           6    0.805989    0.647791   -0.405353   0.0113083
           6    0.770385    0.559944   -0.323493   0.0123674
           6    0.770385    0.480902    -0.10584   0.0202309
           6     0.95724    0.647791   -0.237142   0.0246406
           6    0.770385     0.39554    0.553017   0.0345965
           6    0.770385    0.446858    0.143465   0.0217535
           6    0.770385    0.411997    0.347324   0.0331854
           6    0.770385    0.772306    -0.31419   0.0136449
           6     0.57238    0.647791   -0.148869   0.0165371
           6    0.658117    0.647791   -0.310877   0.0123269
           6    0.523275    0.647791  -0.0806693   0.0156397
           6    0.770385     0.39112    0.580947   0.0379222
           6    0.904777    0.647791    -0.31818   0.0249419
           6    0.770385    0.462442  -0.0093779   0.0252892
           6    0.525974    0.647791  -0.0604188   0.0178683
           6    0.882303    0.647791   -0.350843   0.0199686
           6    0.907975    0.647791   -0.285488    0.025823
           6    0.770385    0.681064   -0.364106   0.0130291
           6    0.840271    0.647791   -0.363567   0.0160898
           6    0.770385    0.846442   -0.179012   0.0302435
           6     0.68131    0.647791    -0.32942   0.0110579
           6    0.848071    0.647791   -0.365147   0.0155847
           6    0.770385    0.790246   -0.306383   0.0188696
           6    0.770385    0.840961    -0.16823   0.0346626
           6    0.770385    0.600127   -0.377012    0.010998
           6    0.800858    0.647791   -0.407736    0.012302
           6    0.770385    0.739235   -0.339948   0.0219293
           6    0.532751    0.647791  -0.0999124   0.0171842
           6    0.770385    0.528925   -0.276054   0.0148148
           6    0.825117    0.647791   -0.359283   0.0199632
           6    0.770385    0.683817   -0.352527   0.0196465
           6    0.589198    0.647791   -0.188487   0.0118026
           6    0.640448    0.647791   -0.283505   0.0162116
           6     0.86339    0.647791   -0.336577   0.0231032
           6    0.770385    0.765222   -0.329488    0.020153
           6    0.770385    0.791961   -0.203583   0.0430247
           6     1.01992    0.647791   -0.172016   0.0207433
           6    0.770385    0.780752   -0.250895   0.0277152
           6    0.770385     0.70593   -0.371223   0.0142058
           6    0.645123    0.647791   -0.265143   0.0142724
           6    0.638317    0.647791   -0.278241   0.0118829
           6    0.770385    0.876072   -0.161226   0.0359424
           6    0.883815    0.647791   -0.339528   0.0197669
           6     0.71432    0.647791   -0.367971  0.00944408
           6    0.961239    0.647791   -0.241749   0.0273688
           6    0.770385    0.439687    0.122094    0.030801
           6    0.770385    0.765491   -0.295485   0.0220426
           6    0.770385    0.851874   -0.176352   0.0292177
           6    0.685114    0.647791   -0.338976     0.01212
           6    0.939354    0.647791   -0.261782   0.0260839
           6    0.770385    0.587751   -0.377971   0.0121602
           6    0.859554    0.647791   -0.384084   0.0146123
           6    0.809816    0.647791   -0.370415   0.0286743
           6    0.850503    0.647791   -0.351796   0.0170263
           6    0.740306    0.647791   -0.388633  0.00880674
           6    0.769866    0.647791   -0.388654   0.0142616
           6    0.770385    0.417846    0.366436    0.030797
           6    0.770385    0.617969   -0.383005   0.0110823
           6    0.757141    0.647791   -0.408823   0.0107503
           6    0.655911    0.647791   -0.310669   0.0111587
           6    0.770385    0.418114    0.327829   0.0358615
           6    0.808527    0.647791   -0.383969   0.0185023
           6    0.770385    0.613373   -0.397211  0.00937309
           6    0.979947    0.647791   -0.225533   0.0193662
           6    0.770385    0.783566   -0.275695    0.026413
           6    0.770385    0.605275   -0.371735   0.0127976
           6    0.770385    0.398198    0.558405   0.0343994
           6     1.02727    0.647791   -0.127984    0.035452
           6    0.770385    0.412258    0.359732   0.0327659
           6     0.80989    0.647791    -0.40397   0.0111981
           6    0.770385    0.831748   -0.214073   0.0260727
           6    0.796174    0.647791   -0.412683   0.0130941
           7    0.595298    0.647791   -0.207495   0.0140784
           7    0.796174    0.665168   -0.382982   0.0124822
           7    0.796174    0.663892   -0.384054   0.0200758
           7    0.796174     0.71231   -0.285366   0.0306488
           7    0.796174    0.768651   -0.284223    0.026933
           7    0.796174    0.742522   -0.368034   0.0181515
           7    0.796174       0.708   -0.374949   0.0142659
           7      0.9762    0.647791   -0.262859   0.0200119
           7    0.831757    0.647791   -0.374377   0.0187664
           7    0.796174    0.720927   -0.315198   0.0216476
           7    0.796174    0.582582    -0.35396   0.0141887
           7    0.874317    0.647791   -0.333154   0.0173745
           7    0.797047    0.647791   -0.381865   0.0140788
           7    0.796174    0.619411   -0.403268   0.0112542
           7    0.796174    0.609373   -0.367261   0.0159233
           7    0.796174    0.800635    -0.23519   0.0348625
           7    0.796174    0.582968   -0.360086  0.00995037
           7    0.960946    0.647791    -0.26474   0.0152175
           7    0.979447    0.647791   -0.187168   0.0229289
           7    0.796174    0.470296  -0.0265663   0.0218524
           7    0.800086    0.647791   -0.384556   0.0170837
           7     0.94622    0.647791   -0.269468   0.0214044
           7    0.796174    0.778563   -0.318542   0.0222559
           7    0.796174     0.50177   -0.155758    0.016597
           7    0.865865    0.647791   -0.353747   0.0212798
           7    0.796174    0.586355   -0.349991     0.01163
           7    0.796174     0.69872   -0.385529   0.0178619
           7    0.836022    0.647791   -0.356144   0.0253459
           7    0.753421    0.647791   -0.383788   0.0125915
           7    0.794539    0.647791   -0.417406   0.0104684
           8    0.794539    0.530988   -0.268625   0.0155574
           8    0.794539    0.603694     -0.3963   0.0096363
           8    0.794539    0.703454   -0.331081   0.0202651
           8    0.924569    0.647791   -0.313219   0.0213758
           8    0.713531    0.647791   -0.367727   0.0123303
           8    0.794539     0.57853   -0.368816  0.00881668
           8    0.699078    0.647791   -0.340194   0.0117335
           8    0.794539    0.532092   -0.253359   0.0126898
           8    0.663982    0.647791   -0.319484   0.0107401
           8    0.794539    0.555193    -0.34991   0.0122153
           8    0.794539    0.702913   -0.372017   0.0141965
           8    0.897964    0.647791   -0.374228   0.0163451
           8    0.794539    0.618621   -0.370574   0.0133447
           8    0.937926    0.647791   -0.274904   0.0301872
           8    0.657011    0.647791   -0.305134   0.0117142
           8    0.794539     0.50942   -0.187851   0.0166231
           8    0.711409    0.647791   -0.350752   0.0132903
           8    0.794539     0.58902   -0.374713   0.0115242
           8    0.794539    0.635594   -0.386205   0.0135961
           8    0.937609    0.647791   -0.275475   0.0292276
           8    0.794539    0.719185   -0.373268    0.016743
           8    0.794539    0.616025   -0.381479     0.01653
           8    0.794539    0.553316   -0.309212   0.0112383
           8    0.798836    0.647791   -0.368076   0.0200335
           8    0.794539     0.58669   -0.365653  0.00912765
           8    0.868018    0.647791   -0.368215   0.0176934
           8    0.844136    0.647791   -0.397426   0.0119384
           8    0.715474    0.647791   -0.381116   0.0112581
           8    0.794539    0.722535   -0.348175   0.0260013
           8      0.9267    0.647791   -0.326144   0.0166492
           8    0.843411    0.647791    -0.40057   0.0140069
           8    0.717957    0.647791   -0.371175  0.00975487
           8    0.794539    0.775381   -0.279983   0.0280331
           8     0.65579    0.647791   -0.315811   0.0120136
           8    0.820436    0.647791   -0.361331   0.0175601
           8    0.794539     0.63508    -0.37693    0.016165
           8    0.673308    0.647791   -0.336175   0.0100148
           8    0.857245    0.647791   -0.390763   0.0179194
           8    0.885202    0.647791   -0.353575   0.0156521
           8    0.914372    0.647791   -0.306715   0.0188138
           8    0.794539     0.61532   -0.391531   0.0137655
           8    0.794539    0.796803   -0.251323    0.032489
           8    0.714027    0.647791    -0.38827  0.00893324
           8    0.794539    0.603071   -0.388239  0.00780956
           8    0.794539    0.682862   -0.339904    0.022102
           8    0.781573    0.647791   -0.395844   0.0156611
           8    0.627338    0.647791   -0.276722   0.0164741
           8    0.794539    0.668049   -0.391864   0.0150336
           8    0.794539    0.569789   -0.356789   0.0104971
           8    0.794539     0.72519   -0.324331   0.0212078
           8    0.794539    0.741633   -0.324382   0.0216822
           8    0.794539    0.747756   -0.318881   0.0226029
           8     0.94846    0.647791    -0.30382   0.0190879
           8    0.638463    0.647791   -0.288515   0.0133428
           8    0.794539    0.648469   -0.423466  0.00752175
           9     0.92302    0.648469   -0.300483   0.0336205
           9    0.878942    0.648469   -0.326966   0.0244644
           9    0.698178    0.648469   -0.339745   0.0128306
           9    0.794539    0.636848    -0.39707   0.0121946
           9    0.923836    0.648469    -0.27822    0.028597
           9    0.717866    0.648469   -0.365337  0.00984298
           9    0.794539    0.579267   -0.348005   0.0101982
           9    0.794539    0.632133   -0.413023  0.00996943
           9    0.827586    0.648469   -0.397433   0.0136843
           9    0.794539    0.772733   -0.250076   0.0310445
           9    0.814653    0.648469   -0.370513   0.0159607
           9    0.774938    0.648469   -0.378194   0.0173557
           9    0.794539    0.687139   -0.394016   0.0132164
           9    0.681051    0.648469   -0.331604   0.0109072
           9    0.673393    0.648469   -0.322444    0.010865
           9    0.794539     0.69775   -0.369776   0.0246453
           9    0.794539    0.748185   -0.306793   0.0217515
           9    0.794539    0.636409   -0.406686    0.011516
           9    0.678766    0.648469   -0.338349   0.0117829
           9    0.878813    0.648469    -0.33399   0.0228368
           9    0.794539    0.583405   -0.368998   0.0124428
           9    0.794539    0.596598   -0.376409   0.0105875
           9    0.794539     0.65301   -0.402758   0.0147129
           9    0.761515    0.648469   -0.392155   0.0144731
           9    0.794539    0.515908   -0.201205   0.0151325
           9    0.794539    0.590473   -0.371286   0.0115739
           9    0.815104    0.648469   -0.355943   0.0247119
           9    0.794539    0.561441    -0.34257   0.0130691
           9    0.776368    0.648469   -0.384402   0.0115618
           9    0.794539    0.708823    -0.34759   0.0188135
           9     0.86015    0.648469    -0.37367   0.0181723
           9    0.794539    0.595456   -0.384114   0.0107382
           9    0.794539    0.670248   -0.380504   0.0170115
           9    0.794539    0.610632   -0.403288  0.00911522
           9    0.794539    0.774377   -0.276332   0.0331644
           9    0.769503    0.648469   -0.389356   0.0148419
           9    0.913551    0.648469   -0.294086   0.0266025
           9    0.707701    0.648469   -0.365501    0.012554
           9    0.764832    0.648469   -0.388492   0.0100101
           9    0.791055    0.648469   -0.384846   0.0141803
           9    0.890851    0.648469   -0.359719   0.0193688
           9    0.794539    0.772978   -0.297346   0.0238069
           9    0.825399    0.648469   -0.353126   0.0187902
           9      0.8676    0.648469   -0.344298   0.0222174
           9    0.794539    0.618432   -0.364864   0.0142658
           9    0.794539    0.580801   -0.354862   0.0126783
           9    0.902258    0.648469   -0.336171   0.0175721
           9    0.919148    0.648469   -0.305871    0.018204
           9    0.794539     0.66452   -0.391186   0.0132031
           9    0.794539    0.530378   -0.244015   0.0163457
           9    0.794539    0.760004   -0.330183   0.0186467
           9    0.729453    0.648469   -0.400679  0.00881806
           9    0.794539    0.773054   -0.252252   0.0290905
           9     0.67262    0.648469   -0.312208  0.00944952
           9    0.680348    0.648469   -0.330821   0.0104223
           9    0.794539    0.548858   -0.298629   0.0126752
           9    0.794539    0.693438   -0.363717   0.0144219
           9    0.794539    0.780989   -0.287517   0.0287918
           9    0.794539    0.690383   -0.348495   0.0281462
           9    0.794539     0.75862   -0.274105   0.0448436
           9    0.757122    0.648469   -0.378062   0.0127293
           9    0.794539    0.740631   -0.357784   0.0215333
           9    0.794539    0.525308   -0.252394   0.0182332
           9    0.824606    0.648469    -0.37721   0.0190912
           9    0.802476    0.648469   -0.393539   0.0151496
           9    0.794539    0.690517    -0.35297    0.021623
           9    0.806486    0.648469   -0.383214   0.0134551
           9    0.755691    0.648469   -0.376503    0.015451
           9    0.728921    0.648469   -0.359754   0.0142933
           9    0.794539       0.755   -0.334318   0.0217523
           9     0.74624    0.648469   -0.395443   0.0102061
           9    0.794539    0.542563   -0.285769   0.0126882
           9    0.928331    0.648469   -0.332734   0.0157619
           9    0.837486    0.648469   -0.336102   0.0234532
           9    0.875342    0.648469   -0.376728   0.0129231
           9    0.794539    0.557706   -0.346122   0.0118666
           9    0.770515    0.648469   -0.386855   0.0145807
           9    0.794539    0.578297   -0.369438  0.00976047
           9    0.671314    0.648469   -0.311373     0.01072
           9    0.678487    0.648469   -0.346562   0.0129417
           9    0.889435    0.648469   -0.334715   0.0222781
           9    0.794539    0.667833   -0.377866   0.0146568
           9    0.794539    0.559784   -0.330982  0.00948408
           9    0.725994    0.648469   -0.384651   0.0104089
           9    0.889948    0.648469   -0.338634   0.0179249
           9    0.794539    0.715437   -0.360668   0.0131207
           9    0.917722    0.648469   -0.307678   0.0210619
           9    0.858481    0.648469    -0.36242   0.0182285
           9    0.726597    0.648469   -0.380379    0.010208
           9    0.794539    0.722978   -0.351735   0.0189493
           9    0.794539    0.572162   -0.355564  0.00985548
           9    0.794539    0.776006   -0.338334   0.0176331
           9    0.794539    0.556032   -0.328343     0.01212
           9    0.794539    0.599414    -0.39724   0.0117624
           9    0.794539    0.615535   -0.393495   0.0143485
           9    0.765584    0.648469   -0.397669   0.0116278
           9    0.794539    0.625522   -0.406101   0.0113437
           9    0.663116    0.648469   -0.313058   0.0134999
           9    0.794539    0.589033   -0.363465   0.0137732
           9    0.710169    0.648469   -0.351825  0.00908398
           9    0.728283    0.648469   -0.362896   0.0127148
           9    0.763474    0.648469   -0.385097   0.0102444
           9    0.820445    0.648469   -0.399602   0.0140079
           9    0.794539    0.584943   -0.394652   0.0105278
           9    0.766508    0.648469     -0.3754   0.0170632
           9    0.691899    0.648469   -0.314736   0.0147534
           9    0.794539    0.767972   -0.247014   0.0308174
           9    0.794539    0.714214   -0.347797   0.0208156
           9    0.794539    0.749006   -0.312284   0.0227494
           9    0.794539    0.699395    -0.35118   0.0244586
           9    0.794539    0.515554   -0.222046   0.0162677
           9    0.678203    0.648469   -0.344154   0.0126415
           9    0.794539    0.514765   -0.189189   0.0162666
           9    0.688925    0.648469   -0.344681   0.0124899
           9    0.794539    0.625141   -0.388998   0.0101054
           9    0.897555    0.648469    -0.35837   0.0152649
           9    0.928028    0.648469   -0.261741   0.0221441
           9    0.797501    0.648469   -0.387026   0.0132221
           9    0.775729    0.648469   -0.385001   0.0159708
           9    0.794539    0.661377   -0.395627   0.0123419
           9     0.86964    0.648469   -0.371883   0.0138851
           9    0.668729    0.648469   -0.321346   0.0134808
           9    0.823846    0.648469   -0.393995   0.0237547
           9    0.916083    0.648469   -0.316594   0.0191828
           9    0.794539    0.612911   -0.390553   0.0114539
           9    0.794539    0.570404   -0.363557  0.00966281
           9    0.892964    0.648469   -0.365283    0.017252
           9    0.794539    0.781076   -0.320698   0.0221335
           9    0.715615    0.648469   -0.369596   0.0128479
           9    0.794539    0.721769   -0.368807   0.0137473
           9    0.794539    0.630074   -0.399303   0.0124332
           9    0.872307    0.648469   -0.333064   0.0253295
           9    0.810764    0.648469    -0.41066   0.0107958
           9    0.762971    0.648469   -0.397464   0.0107827
           9    0.794539    0.567886   -0.339674   0.0138461
           9    0.794539    0.548367   -0.329495   0.0122492
           9    0.891421    0.648469   -0.347774   0.0182683
           9    0.794539    0.586312   -0.366324   0.0149951
           9    0.794539    0.777724   -0.289806   0.0237616
           9    0.794539    0.615504   -0.370191   0.0177618
           9    0.794539    0.668879    -0.38886   0.0159497
           9    0.794539    0.630517   -0.343137   0.0235523
           9    0.794539      0.5244   -0.238337    0.012757
           9    0.746381    0.648469   -0.381432    0.012612
           9    0.880497    0.648469    -0.37485    0.014612
           9    0.794539    0.579009   -0.370203  0.00960622
           9    0.794539    0.555616   -0.347412  0.00955172
           9    0.920824    0.648469    -0.29637   0.0259724
           9     0.78448    0.648469   -0.392107    0.012081
           9    0.889275    0.648469   -0.351862   0.0178292
           9    0.794539    0.588163   -0.365898   0.0118872
           9    0.810485    0.648469   -0.393147   0.0124415
           9     0.66239    0.648469   -0.306311   0.0123485
           9    0.926512    0.648469   -0.273076   0.0247068
           9    0.781612    0.648469   -0.400631   0.0130299
           9    0.794539    0.614739   -0.393175   0.0122563
           9    0.917818    0.648469   -0.280289   0.0256674
           9    0.794539    0.522271   -0.220946   0.0149286
