           1    0.316058    0.316058           0
           2    0.339594    0.327826  0.00832113
           3     0.31158    0.322411  0.00709398
           4    0.278964    0.311549    0.010807
           5    0.295475    0.308334  0.00911123
           6    0.291081    0.305459  0.00803365
           7    0.259104    0.298837   0.0092198
           8    0.316454    0.301039  0.00832616
           9    0.301671    0.301109  0.00740133
          10    0.334119     0.30441  0.00736061
          11    0.308492    0.304781  0.00670082
          12    0.307978    0.305048  0.00614771
          13    0.240164    0.300056  0.00742953
          14    0.306939    0.300548   0.0069151
          15     0.28934    0.299801  0.00649433
          16    0.300529    0.299846   0.0060886
          17    0.327336    0.301463   0.0059413
          18    0.328103    0.302943  0.00579263
          19    0.250578    0.300187  0.00610831
          20    0.279433     0.29915  0.00589039
          21    0.332424    0.300734  0.00581911
          22    0.357324    0.303306  0.00609667
          23    0.302656    0.303278  0.00583166
          24    0.277621    0.302209  0.00568582
          25    0.283463    0.301459  0.00550761
          26    0.287394    0.300918  0.00532228
          27    0.322331    0.301711   0.0051839
          28    0.317208    0.302265  0.00502822
          29    0.339487    0.303548  0.00501598
          30     0.31867    0.304052  0.00487404
          31    0.279867    0.303272  0.00477885
          32    0.290727     0.30288  0.00464556
          33    0.331098    0.303735  0.00458281
          34    0.322654    0.304292  0.00448167
          35     0.30593    0.304339  0.00435387
          36    0.286066    0.303831  0.00426241
          37    0.331267    0.304572  0.00421122
          38    0.258117     0.30335  0.00427416
          39    0.350795    0.304566  0.00433424
          40    0.290511    0.304215  0.00424011
          41    0.305373    0.304243  0.00413678
          42    0.274897    0.303545  0.00409687
          43    0.304778    0.303573   0.0040017
          44    0.301478    0.303526  0.00391103
          45    0.298393    0.303412  0.00382578
          46    0.266227    0.302603  0.00382706
          47    0.293359    0.302407  0.00375068
          48    0.282911       0.302  0.00369447
          49    0.294703    0.301851  0.00362207
          50    0.371916    0.303253  0.00381106
          51    0.321447     0.30361    0.003753
          52    0.278013    0.303117  0.00371297
          53     0.31975    0.303431  0.00365615
          54    0.322645    0.303787  0.00360571
          55    0.330569    0.304274  0.00357289
          56    0.329278     0.30472  0.00353688
          57    0.357238    0.305642  0.00359283
          58    0.312103    0.305753  0.00353261
          59    0.329954    0.306163  0.00349647
          60    0.340946    0.306743  0.00348592
          61    0.328464    0.307099  0.00344692
          62     0.37364    0.308172  0.00355448
          63    0.299618    0.308037  0.00350065
          64    0.280084      0.3076  0.00347309
          65    0.320671    0.307801  0.00342548
          66     0.34316    0.308337  0.00341522
          67    0.299346    0.308202  0.00336688
          68    0.334656    0.308591  0.00333976
          69    0.324025    0.308815  0.00329884
          70     0.30219    0.308721  0.00325307
          71    0.354345    0.309363  0.00327011
          72    0.346849    0.309884  0.00326587
          73    0.326458    0.310111  0.00322902
          74    0.336764    0.310471  0.00320541
          75    0.349926    0.310997  0.00320555
          76    0.297645    0.310821  0.00316818
          77    0.331222    0.311086  0.00313809
          78    0.323576    0.311246  0.00310194
          79    0.302976    0.311142  0.00306444
          80    0.315578    0.311197  0.00302664
          81    0.310513    0.311189  0.00298929
          82    0.327068    0.311382   0.0029591
          83    0.277416    0.310973  0.00295161
          84    0.270494    0.310491  0.00295555
          85    0.322036    0.310627  0.00292389
          86    0.310048     0.31062   0.0028899
          87    0.271489    0.310171  0.00289148
          88    0.339324    0.310502  0.00287753
          89    0.340231    0.310836  0.00286453
          90    0.325871    0.311003  0.00283756
          91    0.345839    0.311386  0.00283209
          92    0.243413    0.310647  0.00289607
          93    0.312083    0.310662  0.00286497
          94    0.311349     0.31067   0.0028345
          95    0.319956    0.310767  0.00280635
          96    0.315197    0.310814   0.0027775
          97    0.372987    0.311455  0.00282185
          98    0.282074    0.311155  0.00280894
          99    0.297187    0.311014  0.00278411
         100    0.291168    0.310815  0.00276333
         101    0.321615    0.310922  0.00273804
         102    0.340975    0.311217    0.002727
         103    0.331842    0.311417  0.00270787
         104    0.360524    0.311889  0.00272269
         105    0.271696    0.311506  0.00272353
         106    0.294879     0.31135  0.00270235
         107     0.33628    0.311583  0.00268712
         108    0.340455     0.31185  0.00267551
         109    0.302504    0.311764  0.00265234
         110    0.339535    0.312017  0.00264021
         111    0.306375    0.311966  0.00261691
         112    0.304237    0.311897  0.00259446
         113    0.290397    0.311706  0.00257847
         114    0.281184    0.311439  0.00256971
         115     0.30784    0.311407  0.00254756
         116     0.33961    0.311651  0.00253717
         117    0.326641    0.311779  0.00251872
         118    0.293099     0.31162  0.00250234
         119     0.31503    0.311649  0.00248148
         120    0.300463    0.311556  0.00246255
         121    0.302394     0.31148  0.00244336
         122    0.355075    0.311837  0.00244932
         123    0.338686    0.312056  0.00243912
         124    0.318551    0.312108  0.00242001
         125    0.264717    0.311729  0.00243017
         126    0.320599    0.311799   0.0024119
         127    0.360895    0.312186  0.00242369
         128    0.309053    0.312161  0.00240488
         129    0.319712     0.31222  0.00238695
         130    0.330013    0.312357  0.00237251
         131    0.331401    0.312502  0.00235885
         132     0.31517    0.312522  0.00234106
         133    0.295957    0.312398  0.00232677
         134    0.316246    0.312427  0.00230958
         135    0.321945    0.312497  0.00229355
         136    0.318785    0.312543  0.00227715
         137    0.291574     0.31239  0.00226567
         138    0.341678    0.312603  0.00225917
         139    0.330197    0.312729  0.00224646
         140    0.324806    0.312815  0.00223207
         141    0.381172      0.3133  0.00226828
         142    0.280972    0.313073   0.0022637
         143      0.3408    0.313266  0.00225616
         144    0.301258    0.313183  0.00224203
         145    0.311226     0.31317  0.00222661
         146    0.300392    0.313082  0.00221308
         147     0.30684     0.31304  0.00219843
         148    0.333332    0.313177  0.00218785
         149    0.281368    0.312963  0.00218356
         150    0.305013     0.31291  0.00216964
         151    0.321842    0.312969  0.00215608
         152    0.326563    0.313059  0.00214375
         153    0.384081    0.313523  0.00217942
         154    0.321934    0.313578  0.00216595
         155    0.277851    0.313347   0.0021642
         156    0.333619    0.313477  0.00215423
         157    0.267451    0.313184  0.00216036
         158    0.372084    0.313557  0.00217862
         159    0.296407    0.313449  0.00216758
         160    0.292365    0.313317  0.00215804
         161    0.371456    0.313678  0.00217464
         162    0.295362    0.313565  0.00216415
         163    0.366417    0.313889  0.00217503
         164    0.297416    0.313789  0.00216408
         165    0.312345     0.31378  0.00215098
         166     0.27541    0.313549  0.00215041
         167     0.28833    0.313398  0.00214283
         168    0.309632    0.313376  0.00213019
         169    0.297238     0.31328  0.00211973
         170    0.311037    0.313267   0.0021073
         171    0.327496     0.31335  0.00209662
         172    0.302534    0.313287  0.00208537
         173    0.310268     0.31327  0.00207339
         174    0.328776    0.313359  0.00206339
         175    0.391748    0.313807  0.00209965
         176    0.312963    0.313802  0.00208773
         177    0.295799      0.3137  0.00207841
         178    0.300353    0.313625  0.00206809
         179    0.259133    0.313321  0.00207882
         180    0.342697    0.313484  0.00207367
         181    0.310556    0.313468  0.00206227
         182    0.377464     0.31382   0.0020807
         183    0.312087     0.31381  0.00206935
         184    0.350141    0.314008  0.00206751
         185    0.356017    0.314235  0.00206876
         186    0.311869    0.314222  0.00205768
         187    0.268229    0.313976  0.00206132
         188    0.320008    0.314008  0.00205061
         189    0.388125      0.3144  0.00207692
         190    0.365959    0.314672  0.00208364
         191    0.385091     0.31504  0.00210509
         192    0.307253       0.315  0.00209452
         193    0.296559    0.314904  0.00208585
         194    0.319625    0.314928  0.00207524
         195    0.320908    0.314959  0.00206482
         196    0.326388    0.315017  0.00205511
         197    0.329257     0.31509  0.00204595
         198     0.32136    0.315121  0.00203586
         199    0.342298    0.315258  0.00203021
         200    0.340201    0.315383  0.00202388
