           1    -5.71992    -5.71992           0
           2    -5.47661    -5.59827   0.0860246
           3    -5.51898    -5.57184   0.0612746
           4    -5.53131    -5.56171   0.0467861
           5    -5.45223    -5.53981   0.0422429
           6    -5.47388    -5.52882   0.0366039
           7    -5.49457    -5.52393   0.0317001
           8    -5.50742    -5.52187   0.0278047
           9    -5.43978    -5.51274   0.0261685
          10     -5.4833     -5.5098   0.0237167
          11    -5.48364    -5.50742   0.0216796
          12    -5.49892    -5.50671   0.0198846
          13     -5.4232    -5.50029    0.019365
          14    -5.49365    -5.49981   0.0179876
          15     -5.4195    -5.49446   0.0175673
          16    -5.45815    -5.49219   0.0166152
          17    -5.40816    -5.48725   0.0163566
          18    -5.48163    -5.48694   0.0154508
          19    -5.44654    -5.48481   0.0147832
          20     -5.5198    -5.48656   0.0141472
          21    -5.43561    -5.48413   0.0136799
          22    -5.43512    -5.48191   0.0132383
          23    -5.46381    -5.48112    0.012686
          24    -5.40242    -5.47784   0.0125742
          25    -5.50112    -5.47877   0.0121056
          26     -5.4449    -5.47747   0.0117099
          27    -5.43124    -5.47576   0.0114007
          28    -5.45293    -5.47494   0.0110226
          29    -5.42298    -5.47315   0.0107872
          30    -5.44999    -5.47238   0.0104552
          31    -5.44388    -5.47146   0.0101582
          32     -5.4062    -5.46942   0.0100434
          33    -5.50341    -5.47045  0.00979172
          34     -5.4758    -5.47061    0.009505
          35    -5.37844    -5.46797  0.00959128
          36    -5.51914    -5.46939  0.00942958
          37    -5.48392    -5.46979   0.0091829
          38    -5.42748    -5.46867  0.00900848
          39    -5.52351    -5.47008  0.00888656
          40     -5.4583    -5.46979  0.00866927
          41    -5.47689    -5.46996  0.00845956
          42     -5.4639    -5.46981  0.00825937
          43    -5.46123    -5.46961   0.0080697
          44    -5.42882    -5.46869  0.00793938
          45    -5.45596     -5.4684  0.00776798
          46    -5.44741    -5.46795   0.0076125
          47    -5.44564    -5.46747  0.00746531
          48     -5.4361    -5.46682  0.00733835
          49    -5.46437    -5.46677  0.00718875
          50    -5.44839     -5.4664  0.00705437
