           1 -0.00248778 -0.00248778           0
           2      1.2595    0.628508    0.446182
           3     1.13211    0.796374    0.327513
           4     1.03454    0.855916    0.250989
           5     1.60273     1.00528    0.241174
           6     1.37003     1.06607    0.208499
           7     1.22113     1.08822    0.179886
           8     1.12591     1.09293    0.157462
           9     1.58215     1.14729    0.149054
          10     1.26938      1.1595    0.134647
          11     1.21721     1.16475    0.122509
          12     1.25012     1.17186    0.112506
          13     1.62716     1.20688    0.109167
          14     1.23706     1.20904    0.101391
          15     1.59732     1.23492     0.09788
          16     1.40836     1.24576   0.0923608
          17     1.61996     1.26778   0.0895123
          18     1.33933     1.27175   0.0846276
          19     1.45752     1.28153   0.0807363
          20     1.12768     1.27384   0.0770651
          21     1.50392     1.28479   0.0741701
          22     1.61158     1.29965   0.0722708
          23     1.34395     1.30157   0.0691542
          24      1.7132     1.31872   0.0683665
          25     1.22334     1.31491   0.0657383
          26     1.44603     1.31995    0.063403
          27     1.47909     1.32585   0.0613281
          28     1.39004     1.32814   0.0591806
          29     1.63026     1.33856   0.0580496
          30     1.50869     1.34423    0.056391
          31     1.54102     1.35057   0.0549281
          32     1.79038     1.36432   0.0549041
          33     1.14513     1.35768   0.0536406
          34     1.30425     1.35611    0.052086
          35      1.8346     1.36978   0.0523612
          36     1.21503     1.36548   0.0510829
          37     1.34176     1.36484   0.0497063
          38     1.61063     1.37131   0.0488173
          39     1.04089     1.36283   0.0482951
          40     1.45215     1.36507   0.0471393
          41     1.28822     1.36319   0.0460268
          42     1.34228     1.36269   0.0449337
          43     1.35618     1.36254   0.0438889
          44     1.54522     1.36669   0.0430874
          45     1.45977     1.36876   0.0421795
          46     1.51731     1.37199    0.041386
          47     1.64632     1.37783    0.040915
          48     1.52553     1.38091   0.0401781
          49     1.36413     1.38056   0.0393596
          50     1.48941     1.38274   0.0386326
