           0   0.0256496           0           0
           1   0.0512993           0           0
           2   0.0769489           0           0
           3    0.102599           0           0
           4    0.128248           0           0
           5    0.153898           0           0
           6    0.179547           0           0
           7    0.205197           0           0
           8    0.230847           0           0
           9    0.256496           0           0
          10    0.282146           0           0
          11    0.307796           0           0
          12    0.333445           0           0
          13    0.359095           0           0
          14    0.384745           0           0
          15    0.410394           0           0
          16    0.436044           0           0
          17    0.461694           0           0
          18    0.487343           0           0
          19    0.512993           0           0
          20    0.538642           0           0
          21    0.564292           0           0
          22    0.589942           0           0
          23    0.615591           0           0
          24    0.641241           0           0
          25    0.666891           0           0
          26     0.69254           0           0
          27     0.71819           0           0
          28     0.74384           0           0
          29    0.769489           0           0
          30    0.795139           0           0
          31    0.820788           0           0
          32    0.846438           0           0
          33    0.872088 2.75116e-05 2.72351e-05
          34    0.897737  0.00133382 0.000146903
          35    0.923387   0.0229162 0.000732303
          36    0.949037    0.155729  0.00260373
          37    0.974686    0.525926  0.00597935
          38     1.00034     1.14383  0.00906202
          39     1.02599     1.77205   0.0119607
          40     1.05164     2.22451   0.0101364
          41     1.07728     2.43954  0.00816155
          42     1.10293     2.42854  0.00607371
          43     1.12858     2.29501  0.00495614
          44     1.15423     2.11127  0.00721599
          45     1.17988     1.89124  0.00814389
          46     1.20553      1.6825  0.00812245
          47     1.23118     1.49688  0.00872822
          48     1.25683     1.33363  0.00745671
          49     1.28248     1.19936  0.00617327
          50     1.30813     1.08664   0.0058886
          51     1.33378    0.980386  0.00450726
          52     1.35943    0.902023  0.00411981
          53     1.38508    0.838179  0.00388759
          54     1.41073     0.78903  0.00289911
          55     1.43638    0.741631  0.00291037
          56     1.46203    0.708285  0.00300458
          57     1.48768    0.690073  0.00227552
          58     1.51333    0.670745   0.0030552
          59     1.53898    0.656268   0.0031728
          60     1.56463    0.653039   0.0032068
          61     1.59028    0.649043  0.00301908
          62     1.61593    0.653332  0.00356008
          63     1.64158    0.665344  0.00331323
          64     1.66723    0.679847  0.00272637
          65     1.69288     0.70186  0.00361724
          66     1.71853    0.726631  0.00317819
          67     1.74418    0.759067  0.00334366
          68     1.76983    0.792748  0.00362043
          69     1.79547    0.828941  0.00347813
          70     1.82112    0.868867  0.00379197
          71     1.84677    0.908174  0.00367464
          72     1.87242    0.948322  0.00350717
          73     1.89807    0.993273  0.00332696
          74     1.92372     1.02689  0.00317885
          75     1.94937     1.06688  0.00234713
          76     1.97502     1.10344   0.0032452
          77     2.00067     1.13458  0.00297024
          78     2.02632     1.15709  0.00295991
          79     2.05197     1.17562  0.00350632
          80     2.07762     1.18325   0.0033213
          81     2.10327     1.18488  0.00424913
          82     2.12892      1.1771  0.00351125
          83     2.15457      1.1669  0.00334808
          84     2.18022     1.15001  0.00338655
          85     2.20587     1.12264  0.00282217
          86     2.23152     1.09924  0.00320218
          87     2.25717     1.07211  0.00258698
          88     2.28282     1.04294  0.00249996
          89     2.30847      1.0132  0.00267321
          90     2.33412    0.987533  0.00261206
          91     2.35977     0.96412  0.00240615
          92     2.38542    0.942656  0.00266492
          93     2.41107    0.925348  0.00249966
          94     2.43672    0.910646  0.00207412
          95     2.46237    0.898034  0.00210364
          96     2.48802    0.886879  0.00167241
          97     2.51366    0.875839  0.00203703
          98     2.53931    0.870295  0.00214756
          99     2.56496    0.870653  0.00212281
