0.203506   0.282035   -0.366528
-0.477698   -0.461449   0.292224
0.439622   -0.283224   -0.156765
-0.219214   -0.346735   -0.287991
0.101519   0.319924   0.493548
0.0871001   -0.430258   0.498918
-0.377028   0.474262   -0.195312
-0.196249   -0.339344   -0.373038
-0.0275288   0.277092   -0.258829
-0.410923   -0.475403   -0.452755
-0.106812   -0.377337   -0.208517
0.255273   0.42949   0.403959
0.401737   -0.0178385   -0.41331
-0.201116   0.0568082   0.444766
-0.228151   0.0247431   -0.381165
-0.292105   0.0853249   -0.426998
-0.0225487   -0.312158   0.249848
-0.0151733   -0.226681   -0.270234
-0.409133   0.0132207   -0.0322505
-0.21535   0.103613   -0.416819
0.268392   -0.236627   -0.241801
-0.407276   0.0984662   0.436601
0.196762   -0.0262165   0.454998
0.262132   -0.113425   -0.321827
-0.238221   0.293944   -0.340933
-0.27101   0.215938   0.432689
-0.379212   0.420774   -0.44521
0.452259   0.0813576   -0.499829
-0.212321   0.211397   0.160229
0.0185314   0.491808   -0.26103
-0.155471   0.329191   -0.342831
0.275682   0.415216   -0.366907
0.0978979   0.089611   -0.458641
0.469334   0.421499   -0.307326
0.0745981   0.471977   -0.207447
0.252501   -0.0450639   -0.375134
0.464883   0.469569   -0.181819
-0.455816   -0.139448   -0.0712847
0.453192   -0.286585   -0.0584819
-0.407948   0.4816   -0.0728911
-0.243868   -0.416455   -0.236259
0.291897   -0.192734   0.0910692
-0.271801   -0.439362   -0.154601
0.112703   -0.495511   -0.124429
0.0711462   0.314323   0.0548675
-0.453077   0.457632   -0.265447
0.357278   -0.306248   0.217105
0.426881   -0.393675   -0.120772
0.481461   -0.349659   -0.234487
-0.139821   0.0532973   -0.225505
0.334592   0.0464193   0.170091
-0.0646583   -0.132643   -0.183392
-0.0968045   -0.045775   -0.23299
0.0903798   -0.0795987   -0.183229
-0.200061   0.23691   -0.142932
-0.152926   -0.281177   0.174246
0.256624   -0.363856   -0.00461852
0.375915   0.0842437   -0.35428
0.225491   0.0568133   -0.178564
0.469285   -0.16989   0.232261
0.246313   0.0158215   -0.299406
-0.377473   0.379944   -0.30091
0.41104   0.158938   0.137097
-0.274932   -0.026707   -0.00533365
0.0688123   0.15435   -0.119293
-0.0384885   0.166441   -0.0697181
-0.197947   0.120889   -0.280804
0.0996902   0.050641   0.0800673
0.0220244   0.278634   -0.0710713
0.314712   0.382776   -0.295929
0.12831   0.335766   -0.234291
0.216113   0.316473   -0.0688335
0.359235   -0.3657   -0.0183072
-0.471644   -0.396012   0.219354
0.300914   -0.439342   0.3617
0.478761   0.369534   0.479008
-0.428712   0.40225   0.212572
0.0517571   -0.193084   0.453847
-0.0429652   -0.366704   -0.424254
0.0330128   -0.367607   0.422278
0.286562   -0.370552   0.294243
0.197103   -0.144099   0.288983
0.277437   -0.184405   0.456416
0.251868   -0.428636   0.075409
0.420404   -0.326247   0.116862
-0.302956   0.108081   -0.0563206
-0.206773   -0.156661   -0.441038
-0.218715   -0.201974   0.483394
-0.147499   -0.0542273   0.390506
0.0331091   -0.0322087   0.357937
-0.0420979   0.206138   0.174494
-0.05371   -0.0393514   0.443904
0.194518   -0.181082   0.115743
0.247272   -0.0704474   0.0875641
0.266195   0.112305   -0.450003
0.200439   -0.362119   0.379858
0.345908   0.27884   0.215159
0.463341   0.49557   -0.0878871
0.244646   0.157191   0.427032
-0.263854   0.0568701   0.312159
-0.0275016   0.0866728   -0.0656454
0.132476   0.29544   -0.0722674
-0.413074   0.283983   0.356135
-0.0947043   0.369228   0.209526
0.263094   0.329851   0.0993021
-0.429902   0.48524   0.18669
0.276856   0.208523   -0.0179038
0.268369   0.0936698   0.139543
