           0     61.5098    0.248136     37.7377     91.1008
           1     61.3285     0.24777     35.0336       85.06
           2     58.9239    0.242864     34.2059     82.2697
           3     59.2457    0.243526     34.2059      84.908
           4     59.2649    0.243566     33.8479     81.0647
           5     59.2142    0.243461     33.8479      80.352
           6     58.1085    0.241178     33.8479     81.9982
           7     57.7738    0.240482     33.8479     77.3824
           8      53.239    0.230851     33.3625      74.008
           9     54.1374    0.232791     30.7799     74.5418
          10     51.7917    0.227692     30.7799     76.2938
          11     47.8644    0.218889     27.6445        65.9
          12     49.2248    0.221978     29.3895     70.3299
          13     50.0249    0.223774     30.1123     70.1604
          14     51.2642    0.226529     29.3373     74.5199
          15      48.818    0.221059     29.3373     69.9908
          16     45.0891    0.212448     27.4841     63.4847
          17     45.9397    0.214443     24.0496     67.8204
          18     46.0881    0.214789     24.0496     63.9248
          19     42.5003    0.206259     24.0496     60.9618
          20     43.6683    0.209074     24.0496     67.0844
          21     44.8263    0.211828      25.434     67.9558
          22     43.1968    0.207943     24.4023     63.1688
          23     39.4564    0.198736     23.2647     61.4379
          24     41.0147    0.202622     22.1164      62.274
          25     41.1779    0.203025     22.1164     62.7139
          26     35.1017    0.187448     20.1632     58.3838
          27     37.0134    0.192485     19.6943      58.458
          28     38.3863    0.196022     22.8533      58.458
          29     36.8663    0.192102     15.5018     57.3613
          30     33.8769    0.184149     15.5018     60.3653
          31     35.3189    0.188027     15.5018     57.0806
          32     32.2472    0.179665     15.5018     52.8165
          33     34.2777    0.185235     15.5018     56.5421
          34      32.059     0.17914     15.5018     51.9567
          35     34.0368    0.184583     15.4063     62.6812
          36     35.9492    0.189698     15.4063     64.4942
          37     37.2172    0.193014     15.4063     64.0158
          38     38.5932     0.19655     15.5018     62.1269
          39     36.4068    0.190901     15.5018     59.2346
          40     33.9352    0.184307     15.5018     61.8873
          41     30.4845    0.174685     13.0068     50.6452
          42     27.4517    0.165768     13.0068     45.7005
          43     29.4802    0.171784     13.0068     48.3738
          44       25.48    0.159704     13.0068     44.7058
          45     27.2199    0.165067     13.6743      47.947
          46     28.8711        0.17     13.6743     51.2653
          47     30.5441    0.174856      13.759     53.0009
          48     32.1485     0.17939      13.759     55.2737
          49     29.1676    0.170871      13.759     51.9098
          50     30.9901    0.176128     13.5284     54.3458
          51     27.2519    0.165164     13.5284     51.8387
          52     27.3803    0.165553     12.0606     50.2787
          53      28.933    0.170182     11.9899     53.0139
          54     23.9164    0.154727     11.9899     46.1911
          55     24.7307    0.157339     11.7373     48.1581
          56     23.3433    0.152862     11.6474     44.1891
          57     25.0866    0.158467     11.6474     47.0454
          58     25.3841    0.159404     11.0461      52.803
          59      25.612    0.160118     11.0461     49.8668
          60      22.909    0.151433     10.8693     42.8033
          61     25.2056    0.158842      11.085     49.5821
          62     24.0613    0.155195      10.539     44.1913
          63     23.2243    0.152472     9.75145     46.2975
          64     25.0981    0.158503     9.58105     48.5288
          65     27.0503    0.164552     9.58105     51.8606
          66     28.8338     0.16989      10.539     57.8459
          67     30.9763    0.176089     9.37605     57.8459
          68     25.9151    0.161062     9.37605     48.8243
          69      25.392    0.159428     7.77621     46.4385
          70     20.9098    0.144674     7.77621     49.9903
          71     17.2324    0.131338     7.77621     40.7697
          72     19.2048    0.138651     7.77621     43.1817
          73     18.8327    0.137301     7.59415     39.4059
          74     21.1123    0.145374     7.64743      42.472
          75     21.1261    0.145421     7.77621     42.9095
          76     23.4449    0.153194     7.77621     50.6932
          77     14.4696     0.12035     6.03517     34.5065
          78     12.0304    0.109738     6.03517     26.8081
          79     13.9771    0.118284     6.03517     39.8207
          80     14.4808    0.120396     6.03431     33.0857
          81     12.1495     0.11028     6.03431     32.1672
          82     14.3277    0.119758     5.68669     40.5989
          83     10.9162    0.104533     4.61389     29.3048
          84     12.4872    0.111802     4.61389     31.3176
          85     10.5027    0.102534     4.61389      27.843
          86     9.50478   0.0975413     4.61389     24.4945
          87     9.94159   0.0997574     4.34877     33.0038
          88     9.35501   0.0967697     4.34877     28.8534
          89     11.7871    0.108623     4.34877     35.8438
          90     9.11669   0.0955292     4.34877     30.0691
          91     7.94492   0.0891789     3.89064     21.9264
          92     10.7189    0.103584     3.89064      32.166
          93     10.1911    0.101002     3.89064     33.1638
          94     12.9788    0.113981     3.89064     39.7141
          95     11.1306    0.105554     3.38869     33.9254
          96     7.36426   0.0858582     3.38869      23.159
          97     8.14541   0.0902971     3.38869     27.7319
          98      8.3698   0.0915324     3.28706     26.1018
          99      6.6153   0.0813752     3.28706     19.4196
         100     6.89369   0.0830698     3.28706     20.9544
         101     5.97629   0.0773451     3.06893     28.3683
         102     5.49119   0.0741397     3.06893     18.7759
         103     5.28658   0.0727453     3.06564     17.8224
         104     7.69245   0.0877505     3.06564     28.5262
         105     5.39524    0.073489     3.04709     21.1057
         106      6.3301   0.0796017     3.04202     30.6966
         107     5.51808   0.0743209     2.70242     18.6545
         108     5.79563   0.0761672     2.96556     27.2134
         109     8.29511   0.0911231     2.96556     32.0138
         110     6.93676   0.0833289     2.96556     27.9486
         111     9.21478   0.0960417     3.00281     37.0569
         112     8.58786   0.0927171     2.97506     32.3972
         113     6.68474   0.0818012     2.97506     25.6662
         114     6.88819   0.0830367     2.97506     28.1161
         115     5.34453   0.0731428     2.92562     27.8138
         116     5.66314   0.0752915     2.92562      25.897
         117     7.39117   0.0860149     2.89907      32.538
         118      5.7045   0.0755659     2.89907     21.2461
         119     6.12337   0.0782911     2.89907     27.4229
         120     5.00336   0.0707698     2.88819      21.598
         121     4.96691   0.0705115     2.79418     19.3261
         122     5.84448   0.0764875     2.76508     25.0709
         123     7.47951   0.0865274     2.76508     26.4192
         124     5.02103   0.0708947     2.70431     20.2748
         125     5.30054   0.0728413     2.65744     27.8637
         126      5.2346   0.0723867      2.5378     26.2279
         127      5.5986   0.0748613     2.65744     28.0024
         128     6.06803   0.0779365     2.47456     27.8973
         129     5.35166   0.0731917     2.47456     28.8376
         130     5.99622    0.077474     2.47456     27.9793
         131     5.83349   0.0764155     2.44673     23.5425
         132     4.80387   0.0693447     2.38477     18.2801
         133      5.1688   0.0719304     2.44673     25.4005
         134      4.7183   0.0687242     2.44164     22.9782
         135     4.75878   0.0690185     2.31274     20.9908
         136     5.03953   0.0710252     2.31274     27.2257
         137     5.76454   0.0759626     2.31274     25.5069
         138     4.85983   0.0697474     2.31274     26.1549
         139     7.83445   0.0885567     2.31274     31.3142
         140     4.69144   0.0685284     2.31274     22.4949
         141     5.26391   0.0725891     2.31274     27.4021
         142     5.45244   0.0738776     2.30765     24.3924
         143     4.33506   0.0658741     2.29905     26.9312
         144     4.47593   0.0669359     2.29905     18.5801
         145      5.6925   0.0754864     2.29905     31.0577
         146     5.40447   0.0735519     2.29905     28.5378
         147     4.68389   0.0684732     2.29368     26.9123
         148     4.18796   0.0647469     2.29368     16.5041
         149     4.00185   0.0632919     2.28185     18.7209
         150     5.60155    0.074881     2.28185     26.1738
         151       5.706   0.0755759     2.28185     25.8885
         152     5.29634   0.0728124     2.28185     25.9214
         153     3.81792   0.0618202     2.28185     17.6672
         154     5.13775    0.071714     2.28185     26.7325
         155      3.8311   0.0619269     2.28185     17.0308
         156     6.35329   0.0797474     2.26816     33.9391
         157     7.86892   0.0887513     2.28185      34.772
         158     5.43915   0.0737875     2.28185     24.7463
         159     4.65285   0.0682459     2.26279      27.776
         160     7.22175   0.0850234     2.26279     34.1584
         161     7.95664   0.0892446     2.26279     28.5401
         162      10.528    0.102657     2.26279     42.0741
         163     5.78419   0.0760919     2.26279     24.9488
         164     4.70141   0.0686011     2.26279     24.3819
         165     4.51528   0.0672294     2.26279     25.3731
         166     5.38757   0.0734368     2.26279     32.9929
         167     5.62105   0.0750112     2.26279     25.9175
         168     4.26277   0.0653226     2.26279     18.5916
         169     5.29788    0.072823     2.26279     25.9874
         170     3.73328   0.0611312     2.26279     13.6165
         171     4.56274   0.0675819     2.26279     28.1394
         172     4.96107   0.0704701     2.26279     25.7614
         173     4.23515   0.0651106     2.26279     24.8937
         174     5.50855   0.0742567     2.26279     26.1431
         175     4.31645   0.0657326     2.26279      22.548
         176     4.77847   0.0691611     2.26279     22.6469
         177     4.43344   0.0666174     2.26279     28.8495
         178     4.21307   0.0649406     2.26279     18.3498
         179     5.89761   0.0768343     2.25771     22.5442
         180     4.29312   0.0655547     2.25771     26.9317
         181     4.59711   0.0678359     2.25771     19.1834
         182     6.65498   0.0816189     2.25771     28.1299
         183     7.13279   0.0844981     2.25771     29.7756
         184     6.66843   0.0817013     2.25771     26.2203
         185     4.35305   0.0660107     2.25771     25.4053
         186     3.91613   0.0626103       2.254     19.2504
         187     6.61633   0.0813815       2.254     27.3669
         188     4.47175   0.0669046     2.25771     27.4936
         189     5.33014   0.0730444     2.25771     27.3277
         190     7.42475   0.0862101     2.25771     38.9442
         191     9.71837   0.0986311     2.25771     40.1264
         192     5.74659   0.0758442     2.25771     32.9781
         193     3.80024   0.0616769       2.254     18.8535
         194     4.18034   0.0646879       2.254     27.0758
         195     4.51842   0.0672529       2.254     28.2766
         196     6.21189    0.078855       2.254     26.8162
         197     4.56453   0.0675951       2.254     19.4047
         198     4.80605   0.0693604       2.254     24.8213
         199     4.23191   0.0650857       2.254     26.5424
         200     4.53907   0.0674064       2.254     27.4846
         201     5.69836   0.0755252     2.25223     23.9171
         202     5.17019     0.07194     2.25223     27.1012
         203     4.09715    0.064041       2.254     20.5779
         204     4.76423   0.0690579     2.24892     27.0541
         205     5.35367   0.0732054     2.24892     26.6355
         206     7.20782   0.0849414     2.24892     27.4633
         207     4.32667   0.0658104     2.24892     24.3197
         208     7.01572   0.0838018     2.24892      29.573
         209     5.30409   0.0728656     2.24892     27.3066
         210     6.90633   0.0831459     2.24714     29.9144
         211      3.9773   0.0630974     2.24714     17.4598
         212     3.93945   0.0627965     2.24714     19.6675
         213     5.04393   0.0710562     2.24714     26.3398
         214     4.79676   0.0692933     2.24714     26.5926
         215     5.11502   0.0715551     2.24714     24.4321
         216      5.1331   0.0716815     2.24714     26.0981
         217     5.16711   0.0719186     2.24714     27.2706
         218     4.99773     0.07073     2.24714     26.1255
         219     7.17373   0.0847403     2.24714     31.9688
         220     4.38475   0.0662506     2.24714     22.1264
         221     4.32139   0.0657702     2.24714     27.6251
         222     6.50528   0.0806957     2.24714     30.8612
         223     5.45944    0.073925     2.24714     25.6869
         224     5.16335   0.0718924     2.24714     26.9461
         225     7.79614   0.0883399     2.24714     36.0074
         226     4.12677   0.0642721     2.24714      27.086
         227     5.44796   0.0738472     2.24714     28.6886
         228     4.67707   0.0684234     2.24714     17.0734
         229     5.22808   0.0723416     2.24714     29.8148
         230     5.15318   0.0718216     2.24714      31.169
         231     4.34905   0.0659803     2.24714     26.8504
         232     4.35645   0.0660364     2.24714     27.2382
         233     4.81192   0.0694027     2.24714      34.385
         234     7.16457   0.0846861     2.24714     40.8414
         235     5.28301   0.0727207     2.24714     26.4652
         236     3.96999   0.0630394     2.24714     26.8815
         237     6.30122     0.07942     2.24714     27.0751
         238     6.62721   0.0814484     2.24714     29.9047
         239     6.08133   0.0780219     2.24714     26.1116
         240     4.74344   0.0689071     2.24714     28.9339
         241      7.2064    0.084933     2.24714     35.5473
         242     4.47123   0.0669007     2.24714     18.6971
         243     6.19908   0.0787737     2.24714     26.2802
         244     8.65891   0.0930998     2.24714     33.6825
         245     4.57449   0.0676688     2.24714      23.946
         246       4.873   0.0698418     2.24714     27.3586
         247     5.59763   0.0748548     2.24714     25.5371
         248     4.19195   0.0647777     2.24714     18.9729
         249     5.04204   0.0710428     2.24714     24.5202
         250      5.0605   0.0711728     2.24714     25.3378
         251     4.70117   0.0685994     2.24714     19.0996
         252     4.37142   0.0661498     2.24714      27.477
         253     5.07541   0.0712776     2.24714     26.6307
         254     6.55616   0.0810107     2.24714     30.9171
         255     4.39119   0.0662992     2.24714     19.8719
         256     4.11515   0.0641815     2.24714     27.0778
         257     5.83294   0.0764119     2.24714     27.0778
         258     5.47813   0.0740514     2.24714     26.6696
         259     5.16539   0.0719066     2.24714     27.6514
         260     5.58918   0.0747982     2.24714     27.0096
         261     5.45248   0.0738779     2.24714     35.2003
         262     5.09792   0.0714354     2.24714     26.2038
         263     4.31864   0.0657493     2.24714     26.3046
         264     5.58206   0.0747505     2.24714     31.4328
         265     4.41402   0.0664713     2.24714     31.4603
         266      4.4398   0.0666652     2.24714     26.1389
         267     3.77568   0.0614773     2.24714     33.5332
         268     4.01205   0.0633724     2.24714      22.607
         269      4.0301   0.0635148     2.24714     25.4311
         270     4.33667   0.0658863     2.24714     26.4513
         271     5.14562   0.0717688     2.24714     25.5602
         272     3.67307   0.0606362     2.24714     19.1908
         273     3.40923   0.0584178     2.24714      15.255
         274     3.48579   0.0590701     2.24714     26.3483
         275     3.04183   0.0551803     2.24714     18.0104
         276      3.5614   0.0597074     2.24714     23.8678
         277      3.5349   0.0594848     2.24714     26.3061
         278     4.43291   0.0666134     2.24714     25.1378
         279     3.74708    0.061244     2.24714     20.7353
         280     3.02051   0.0549867     2.24714     13.1464
         281     3.22198   0.0567909     2.24714     23.4112
         282     3.17445   0.0563705     2.24714     27.1141
         283     3.04565    0.055215     2.24714     18.3381
         284     4.10527   0.0641044     2.24714     18.5713
         285     3.92222    0.062659     2.24714     25.9813
         286     3.91264   0.0625824     2.24714     26.9114
         287     5.00755   0.0707994     2.24714     28.7925
         288      4.0123   0.0633744     2.24714     22.3357
         289     4.67831   0.0684324     2.24714     24.3003
         290     3.60896   0.0601047     2.24714     24.8803
         291     4.16865   0.0645974     2.24714     25.0552
         292     2.96611   0.0544893     2.24714     14.2731
         293     4.31171   0.0656965     2.24714     24.8873
         294     4.52944   0.0673348     2.24714     25.2397
         295     3.62571    0.060244     2.24714     25.2387
         296     3.16802   0.0563133     2.24714     23.2011
         297     3.82952   0.0619141     2.24714     23.9464
         298      3.9258   0.0626876     2.24714     22.2042
         299     4.17884   0.0646763     2.24714     23.4676
         300     3.57611   0.0598305     2.24714     25.1944
