        1000     2      6.9073
        4000     1     5.88691
       16000     4     4.99243
       20000     1     4.90547
       22000     4     4.83023
       25000     3     3.50542
       30000     4     3.12983
       35000     2     2.89627
       38000     4     2.65654
       41000     1     2.60279
       43000     3     2.16159
       45000     4     2.04583
       49000     2     1.51603
       55000     2     1.38644
       57000     1     1.33679
       58000     3     1.23726
       61000     2     1.19675
       63000     3     1.16565
       64000     4     1.12293
       70000     1     1.05467
       72000     2    0.975035
       74000     2    0.958966
       75000     2    0.914302
       88000     3    0.911065
       89000     1    0.896463
       97000     1    0.895192
       99000     1    0.895192
