           0   0.0256496           0           0
           1   0.0512993           0           0
           2   0.0769489           0           0
           3    0.102599           0           0
           4    0.128248           0           0
           5    0.153898           0           0
           6    0.179547           0           0
           7    0.205197           0           0
           8    0.230847           0           0
           9    0.256496           0           0
          10    0.282146           0           0
          11    0.307796           0           0
          12    0.333445           0           0
          13    0.359095           0           0
          14    0.384745           0           0
          15    0.410394           0           0
          16    0.436044           0           0
          17    0.461694           0           0
          18    0.487343           0           0
          19    0.512993           0           0
          20    0.538642           0           0
          21    0.564292           0           0
          22    0.589942           0           0
          23    0.615591           0           0
          24    0.641241           0           0
          25    0.666891           0           0
          26     0.69254           0           0
          27     0.71819           0           0
          28     0.74384           0           0
          29    0.769489           0           0
          30    0.795139           0           0
          31    0.820788           0           0
          32    0.846438           0           0
          33    0.872088 2.29263e-05 2.23458e-05
          34    0.897737  0.00125587 0.000282154
          35    0.923387   0.0211383 0.000945055
          36    0.949037    0.148022  0.00346893
          37    0.974686    0.519589   0.0073159
          38     1.00034     1.13449   0.0123599
          39     1.02599     1.76557   0.0151405
          40     1.05164     2.24183   0.0108702
          41     1.07728     2.44436   0.0141134
          42     1.10293     2.41559  0.00999761
          43     1.12858     2.28272   0.0108163
          44     1.15423     2.10277   0.0114194
          45     1.17988     1.88698   0.0124254
          46     1.20553     1.68338   0.0124018
          47     1.23118      1.5076  0.00994296
          48     1.25683     1.34312  0.00850769
          49     1.28248     1.19847   0.0081704
          50     1.30813     1.08956  0.00632689
          51     1.33378    0.994685  0.00539675
          52     1.35943    0.916748  0.00600979
          53     1.38508    0.850156   0.0050856
          54     1.41073    0.802424  0.00655008
          55     1.43638    0.744377  0.00557737
          56     1.46203    0.713305  0.00538955
          57     1.48768     0.68719  0.00586404
          58     1.51333    0.668857  0.00588064
          59     1.53898    0.647078  0.00565987
          60     1.56463    0.651546  0.00549934
          61     1.59028    0.646946  0.00478762
          62     1.61593    0.646573   0.0054943
          63     1.64158    0.663565  0.00552209
          64     1.66723    0.678983  0.00632419
          65     1.69288    0.694897  0.00515138
          66     1.71853    0.722723  0.00506687
          67     1.74418    0.753985  0.00538452
          68     1.76983    0.785693  0.00480468
          69     1.79547    0.824419  0.00528484
          70     1.82112    0.864125  0.00580076
          71     1.84677    0.907691  0.00361007
          72     1.87242    0.948795  0.00506209
          73     1.89807    0.986701  0.00547595
          74     1.92372     1.03128  0.00540243
          75     1.94937     1.06418  0.00349276
          76     1.97502     1.09909  0.00450351
          77     2.00067     1.12936  0.00399517
          78     2.02632      1.1573  0.00458449
          79     2.05197     1.17846  0.00417178
          80     2.07762     1.18637  0.00333102
          81     2.10327     1.18874  0.00400842
          82     2.12892     1.18029  0.00353195
          83     2.15457     1.16964  0.00358425
          84     2.18022     1.14508  0.00397631
          85     2.20587     1.12491  0.00463201
          86     2.23152     1.10261  0.00392671
          87     2.25717     1.07788  0.00461857
          88     2.28282     1.04866  0.00479266
          89     2.30847     1.02243  0.00439202
          90     2.33412    0.994039  0.00553081
          91     2.35977    0.967846  0.00440538
          92     2.38542     0.94835  0.00410237
          93     2.41107    0.931402  0.00380893
          94     2.43672    0.913037  0.00390548
          95     2.46237    0.901957  0.00325518
          96     2.48802    0.895763  0.00369831
          97     2.51366    0.881127  0.00313355
          98     2.53931    0.872992  0.00369352
          99     2.56496     0.86663  0.00333928
