           0    0.064633           0           0
           1    0.129266           0           0
           2    0.193899           0           0
           3    0.258532           0           0
           4    0.323165           0           0
           5    0.387798           0           0
           6    0.452431           0           0
           7    0.517064           0           0
           8    0.581697           0           0
           9     0.64633           0           0
          10    0.710963           0           0
          11    0.775596           0           0
          12     0.84023           0           0
          13    0.904863  0.00116772 0.000564806
          14    0.969496    0.134103  0.00435499
          15     1.03413    0.932735   0.0165178
          16     1.09876     1.82029   0.0284331
          17     1.16339      1.9526   0.0174496
          18     1.22803       1.851   0.0187532
          19     1.29266     1.66603   0.0146247
          20     1.35729     1.46528   0.0175367
          21     1.42193     1.32323   0.0144168
          22     1.48656     1.23714   0.0118569
          23     1.55119     1.13672  0.00998423
          24     1.61583     1.08663   0.0108511
          25     1.68046     1.05968  0.00685574
          26     1.74509     1.02271  0.00949065
          27     1.80973     1.00716  0.00901999
          28     1.87436    0.987173  0.00812934
          29     1.93899    0.993321  0.00913599
          30     2.00362    0.992283  0.00731685
          31     2.06826     1.00075  0.00853342
          32     2.13289    0.994109  0.00500478
          33     2.19752     0.99413  0.00699045
          34     2.26216    0.986747  0.00827843
          35     2.32679    0.981578  0.00639155
          36     2.39142    0.988473   0.0095499
          37     2.45606    0.978388  0.00880911
          38     2.52069    0.966085  0.00701419
          39     2.58532    0.973005  0.00652239
          40     2.64995    0.959812  0.00670922
          41     2.71459    0.972044  0.00648945
          42     2.77922    0.966474  0.00409059
          43     2.84385    0.955401  0.00622641
          44     2.90849     0.96057  0.00602076
          45     2.97312     0.95254  0.00472469
          46     3.03775    0.966582  0.00567025
          47     3.10239    0.964816  0.00645384
          48     3.16702    0.953158  0.00517917
          49     3.23165    0.951642  0.00474265
          50     3.29629    0.955285  0.00369887
          51     3.36092    0.964399  0.00467275
          52     3.42555    0.953197  0.00475171
          53     3.49018    0.960158   0.0045411
          54     3.55482    0.959891  0.00432027
          55     3.61945    0.964033  0.00443291
          56     3.68408    0.955167  0.00420968
          57     3.74872    0.953237  0.00371352
          58     3.81335    0.950965  0.00453267
          59     3.87798    0.956768  0.00389175
          60     3.94262    0.957668   0.0052003
          61     4.00725    0.957651   0.0045323
          62     4.07188    0.952308  0.00374772
          63     4.13651    0.960221  0.00422203
          64     4.20115    0.961479  0.00337456
          65     4.26578     0.96113  0.00299602
          66     4.33041    0.958091  0.00330863
          67     4.39505    0.960012  0.00394133
          68     4.45968    0.963647  0.00341799
          69     4.52431    0.958999  0.00296853
          70     4.58895    0.956575  0.00242086
          71     4.65358     0.96301   0.0029565
          72     4.71821    0.959423  0.00312346
          73     4.78285    0.960956  0.00299199
          74     4.84748    0.959123  0.00296672
          75     4.91211    0.964201  0.00306365
          76     4.97674    0.960779  0.00223489
          77     5.04138    0.959441  0.00254064
          78     5.10601    0.959221  0.00313722
          79     5.17064    0.961462  0.00333724
          80     5.23528    0.961859  0.00238795
          81     5.29991    0.963826  0.00190515
          82     5.36454    0.963165  0.00278334
          83     5.42918    0.965476  0.00262154
          84     5.49381    0.961947   0.0027109
          85     5.55844    0.960522  0.00277714
          86     5.62307    0.961323  0.00258767
          87     5.68771    0.965571  0.00181065
          88     5.75234    0.968061  0.00206196
          89     5.81697    0.965658  0.00224808
          90     5.88161    0.958275  0.00234119
          91     5.94624    0.964532  0.00239138
          92     6.01087    0.968765  0.00255619
          93     6.07551    0.967333  0.00271913
          94     6.14014    0.966145  0.00222588
          95     6.20477    0.965558  0.00259226
          96      6.2694    0.965865  0.00306648
          97     6.33404    0.967145  0.00260357
          98     6.39867    0.969642  0.00234036
          99      6.4633    0.964886  0.00210291
