           0   0.0230664           0           0
           1   0.0461329           0           0
           2   0.0691993           0           0
           3   0.0922657           0           0
           4    0.115332           0           0
           5    0.138399           0           0
           6    0.161465           0           0
           7    0.184531           0           0
           8    0.207598           0           0
           9    0.230664           0           0
          10    0.253731           0           0
          11    0.276797           0           0
          12    0.299864           0           0
          13     0.32293           0           0
          14    0.345996           0           0
          15    0.369063           0           0
          16    0.392129           0           0
          17    0.415196           0           0
          18    0.438262           0           0
          19    0.461329           0           0
          20    0.484395           0           0
          21    0.507461           0           0
          22    0.530528           0           0
          23    0.553594           0           0
          24    0.576661           0           0
          25    0.599727           0           0
          26    0.622794           0           0
          27     0.64586           0           0
          28    0.668926           0           0
          29    0.691993           0           0
          30    0.715059           0           0
          31    0.738126           0           0
          32    0.761192           0           0
          33    0.784259           0           0
          34    0.807325           0           0
          35    0.830391           0           0
          36    0.853458           0           0
          37    0.876524           0           0
          38    0.899591 5.24694e-05 3.73071e-05
          39    0.922657  0.00297799 0.000404432
          40    0.945724   0.0446505  0.00169737
          41     0.96879    0.276233  0.00459895
          42    0.991856     0.93479  0.00950263
          43     1.01492     2.12305   0.0141603
          44     1.03799     3.44941  0.00975983
          45     1.06106      4.4295   0.0116183
          46     1.08412     4.71815   0.0127881
          47     1.10719     4.34264   0.0199625
          48     1.13026     3.54622    0.014719
          49     1.15332     2.60174   0.0107902
          50     1.17639     1.76314  0.00672206
          51     1.19945     1.07235  0.00492126
          52     1.22252    0.617489  0.00669285
          53     1.24559    0.328977  0.00500358
          54     1.26865    0.161135  0.00355536
          55     1.29172    0.079006  0.00235817
          56     1.31479   0.0424743  0.00161915
          57     1.33785   0.0365532  0.00142397
          58     1.36092   0.0538193  0.00181729
          59     1.38399   0.0944996  0.00196338
          60     1.40705    0.170681  0.00325411
          61     1.43012    0.280819  0.00255615
          62     1.45319    0.441699  0.00291076
          63     1.47625     0.60565  0.00301538
          64     1.49932    0.783873  0.00405723
          65     1.52238    0.911744  0.00451925
          66     1.54545    0.959528  0.00680978
          67     1.56852    0.914363  0.00617527
          68     1.59158    0.789354  0.00438605
          69     1.61465    0.623542   0.0029814
          70     1.63772    0.450351   0.0030702
          71     1.66078    0.298395  0.00307678
          72     1.68385    0.204435  0.00371046
          73     1.70692    0.179995  0.00372104
          74     1.72998    0.234862  0.00503383
          75     1.75305    0.410939  0.00523038
          76     1.77612    0.713393  0.00503883
          77     1.79918     1.15428  0.00575467
          78     1.82225     1.68603  0.00376696
          79     1.84531     2.19192   0.0056099
          80     1.86838     2.55636  0.00913423
          81     1.89145     2.69078   0.0135045
          82     1.91451     2.52224   0.0122208
          83     1.93758     2.13038  0.00661173
          84     1.96065      1.6496  0.00350881
          85     1.98371     1.16137  0.00435329
          86     2.00678    0.768031  0.00518866
          87     2.02985    0.517016  0.00515602
          88     2.05291    0.409799  0.00605465
          89     2.07598    0.440067  0.00543428
          90     2.09905    0.561436  0.00373545
          91     2.12211    0.742841   0.0025285
          92     2.14518    0.912243  0.00268863
          93     2.16824       1.007  0.00486986
          94     2.19131     1.01383  0.00575991
          95     2.21438     0.90703  0.00384972
          96     2.23744     0.76404  0.00215324
          97     2.26051    0.629979  0.00344338
          98     2.28358    0.543812  0.00497636
          99     2.30664     0.54503  0.00542483
