           1     0.28699     0.28699           0
           2    0.306369     0.29668  0.00685153
           3     0.27795    0.290437  0.00684465
           4    0.263822    0.283783  0.00771722
           5    0.300566     0.28714  0.00686508
           6    0.290315    0.287669  0.00574126
           7    0.309703    0.290817  0.00571926
           8    0.275797    0.288939  0.00530357
           9    0.278781     0.28781   0.0048329
          10    0.310012    0.290031  0.00483275
          11     0.29287    0.290289   0.0044003
          12     0.28373    0.289742  0.00406741
          13     0.27221    0.288394  0.00397184
          14    0.290764    0.288563  0.00369174
          15    0.293703    0.288905  0.00346149
          16     0.28763    0.288826  0.00324607
          17    0.292884    0.289065  0.00306389
          18    0.307951    0.290114  0.00306807
          19    0.295524    0.290398  0.00291978
          20    0.299909    0.290874  0.00281225
          21    0.293569    0.291002  0.00268126
          22    0.294712    0.291171  0.00256468
          23    0.255449    0.289618  0.00288538
          24    0.301315    0.290105  0.00280602
          25    0.312482       0.291  0.00283293
          26    0.294872    0.291149  0.00272788
          27    0.278382    0.290676  0.00266752
          28    0.320255    0.291733  0.00277354
          29    0.278505    0.291277  0.00271515
          30    0.312885    0.291997  0.00271851
          31    0.305845    0.292444  0.00266727
          32    0.289643    0.292356  0.00258535
          33    0.298974    0.292557  0.00251477
          34    0.292411    0.292552  0.00244081
          35    0.293319    0.292574  0.00237117
          36    0.253158    0.291479  0.00254557
          37    0.307814    0.291921  0.00251476
          38    0.289876    0.291867  0.00244916
          39    0.306874    0.292252   0.0024164
          40    0.256152    0.291349  0.00251889
          41    0.263134    0.290661  0.00254973
          42    0.299655    0.290875    0.002498
          43    0.274033    0.290484  0.00247043
          44    0.287544    0.290417  0.00241518
          45    0.303404    0.290705  0.00237869
          46    0.303147    0.290976  0.00234231
          47    0.302648    0.291224   0.0023056
          48    0.291504     0.29123  0.00225758
          49      0.2872    0.291148    0.002213
          50     0.27587    0.290842  0.00218973
          51    0.278343    0.290597  0.00216047
          52    0.287471    0.290537  0.00211976
          53    0.382794    0.292278  0.00270153
          54    0.306306    0.292538  0.00266396
          55    0.278318    0.292279  0.00262804
          56    0.331662    0.292982  0.00267355
          57       0.311    0.293298  0.00264527
          58     0.28668    0.293184  0.00260212
          59    0.309441     0.29346  0.00257256
          60    0.296112    0.293504  0.00253007
          61    0.314601     0.29385  0.00251212
          62    0.295213    0.293872   0.0024717
          63     0.31224    0.294163   0.0024496
          64    0.318705    0.294547  0.00244116
          65    0.265017    0.294093  0.00244551
          66     0.29963    0.294176  0.00240989
          67    0.277274    0.293924  0.00238709
          68    0.294725    0.293936  0.00235202
          69    0.291885    0.293906  0.00231812
          70     0.30284    0.294034  0.00228851
          71    0.280455    0.293843  0.00226426
          72    0.348087    0.294596  0.00235481
          73    0.300304    0.294674  0.00232385
          74    0.278293    0.294453  0.00230297
          75    0.284997    0.294327  0.00227571
          76    0.307145    0.294495  0.00225201
          77     0.28781    0.294409  0.00222444
          78    0.303263    0.294522  0.00219881
          79    0.324933    0.294907  0.00220442
          80    0.299416    0.294963  0.00217758
          81    0.267894    0.294629  0.00217619
          82    0.287285     0.29454   0.0021515
          83     0.29954      0.2946  0.00212642
          84    0.314308    0.294835  0.00211401
          85    0.303444    0.294936  0.00209156
          86    0.292937    0.294913  0.00206737
          87    0.291808    0.294877  0.00204391
          88    0.280696    0.294716  0.00202703
          89    0.295893    0.294729   0.0020043
          90    0.301673    0.294806  0.00198351
          91    0.300014    0.294863  0.00196254
          92    0.271314    0.294607  0.00195783
          93    0.269568    0.294338   0.0019552
          94    0.308178    0.294485  0.00193994
          95    0.294876    0.294489  0.00191952
          96    0.300959    0.294557  0.00190071
          97    0.311143    0.294728  0.00188879
          98    0.305591    0.294839  0.00187277
          99    0.274544    0.294634  0.00186504
         100    0.303353    0.294721  0.00184842
