           1     -0.5832     -0.5832           0
           2    -0.58232    -0.58276 0.000311127
           3    -0.59136   -0.585627   0.0023498
           4    -0.58008    -0.58424   0.0021326
           5    -0.58096   -0.583584  0.00180416
           6    -0.58488     -0.5838  0.00151634
           7     -0.5744   -0.582457  0.00179859
           8    -0.58384    -0.58263  0.00158205
           9    -0.57856   -0.582178  0.00146948
          10     -0.5868    -0.58264  0.00139333
          11    -0.58128   -0.582516  0.00127214
          12     -0.5836   -0.582607  0.00116933
          13     -0.5916   -0.583298  0.00126761
          14    -0.58696    -0.58356  0.00120374
          15     -0.5784   -0.583216  0.00117162
          16     -0.5808   -0.583065  0.00110808
          17    -0.58272   -0.583045  0.00104308
          18    -0.59512   -0.583716  0.00118132
          19     -0.5848   -0.583773  0.00112053
          20    -0.57664   -0.583416  0.00111982
          21    -0.58232   -0.583364  0.00106771
          22    -0.58424   -0.583404  0.00101992
          23    -0.58992   -0.583687  0.00101416
          24    -0.59008   -0.583953  0.00100628
          25    -0.58464   -0.583981 0.000966403
          26    -0.58328   -0.583954 0.000929609
          27       -0.59   -0.584178 0.000921756
          28    -0.58376   -0.584163 0.000888957
          29    -0.59448   -0.584519 0.000926762
          30     -0.5724   -0.584115 0.000979961
          31    -0.58256   -0.584065 0.000949631
          32    -0.58856   -0.584205 0.000930289
          33    -0.58232   -0.584148  0.00090385
          34    -0.58176   -0.584078  0.00087999
          35     -0.5888   -0.584213  0.00086513
          36    -0.58176   -0.584144 0.000843776
          37    -0.57424   -0.583877 0.000862389
          38    -0.58424   -0.583886 0.000839747
          39    -0.57864   -0.583752  0.00082892
          40    -0.59384   -0.584004 0.000845695
          41    -0.58232   -0.583963 0.000826065
          42    -0.57944   -0.583855 0.000813386
          43    -0.57584   -0.583669 0.000815549
          44    -0.58376   -0.583671 0.000797016
          45    -0.59064   -0.583826 0.000794208
          46    -0.58912   -0.583941 0.000785238
          47    -0.58024   -0.583862 0.000772469
          48    -0.58152   -0.583813 0.000757915
          49       -0.59    -0.58394  0.00075289
          50    -0.57864   -0.583834 0.000745256
          51     -0.5816    -0.58379 0.000731929
          52    -0.58488   -0.583811 0.000718154
          53    -0.59528   -0.584027 0.000736486
          54    -0.57864   -0.583927 0.000729573
          55    -0.57808   -0.583821 0.000724013
          56    -0.57992   -0.583751 0.000714428
          57    -0.58224   -0.583725 0.000702386
          58    -0.58728   -0.583786 0.000692945
          59    -0.58632   -0.583829  0.00068253
          60    -0.57752   -0.583724 0.000679206
          61    -0.59752    -0.58395  0.00070472
          62    -0.58728   -0.584004 0.000695398
          63    -0.57352   -0.583837 0.000703989
          64    -0.58784     -0.5839 0.000695762
          65    -0.58408   -0.583903 0.000685063
          66     -0.5788   -0.583825 0.000679032
          67    -0.58432   -0.583833 0.000668938
          68    -0.57232   -0.583664 0.000680188
          69    -0.57672   -0.583563 0.000677734
          70    -0.57728   -0.583473 0.000673969
          71    -0.58056   -0.583432 0.000665724
          72    -0.58032   -0.583389  0.00065788
          73    -0.58536   -0.583416 0.000649422
          74    -0.57544   -0.583308 0.000649528
          75    -0.59632   -0.583482 0.000663634
          76    -0.57024   -0.583307 0.000677387
          77    -0.58752   -0.583362 0.000670796
          78    -0.57672   -0.583277 0.000667579
          79    -0.58832   -0.583341 0.000662174
          80    -0.58216   -0.583326 0.000654061
          81    -0.58296   -0.583321 0.000646002
          82     -0.5924   -0.583432 0.000647541
          83    -0.58528   -0.583454 0.000640122
          84     -0.5924   -0.583561 0.000641299
          85    -0.58776    -0.58361 0.000635654
          86    -0.57864   -0.583553 0.000630885
          87     -0.5812   -0.583526 0.000624212
          88    -0.56528   -0.583318 0.000650642
          89    -0.57984   -0.583279 0.000644504
          90    -0.58464   -0.583294 0.000637521
          91    -0.58184   -0.583278 0.000630715
          92    -0.58888   -0.583339 0.000626792
          93    -0.58408   -0.583347 0.000620103
          94    -0.57912   -0.583302 0.000615134
          95    -0.58272   -0.583296  0.00060869
          96    -0.57128   -0.583171 0.000615084
          97    -0.58608   -0.583201 0.000609473
          98    -0.57168   -0.583083 0.000614488
          99    -0.58368   -0.583089  0.00060831
         100    -0.57944   -0.583053 0.000603321
