           1    -0.02488    -0.02488           0
           2     0.02916     0.00214    0.019106
           3      0.0038  0.00269333   0.0127454
           4    -0.01572    -0.00191    0.010357
           5    -0.00016    -0.00156  0.00829153
           6      -0.046 -0.00896667  0.00966738
           7      0.0086 -0.00645714  0.00860588
           8    -0.04304    -0.01103  0.00866027
           9     0.03936 -0.00543111  0.00933402
          10    -0.02832    -0.00772  0.00867672
          11     0.01508 -0.00564727  0.00813173
          12     0.05296-0.000763333  0.00879935
          13    -0.02736 -0.00280923  0.00835693
          14      0.0234-0.000937143  0.00796694
          15     0.04104  0.00186133  0.00791206
          16     0.00648     0.00215  0.00742282
          17      0.0172  0.00303529  0.00703878
          18    -0.06288-0.000626667  0.00754038
          19     0.03072  0.00102316  0.00732178
          20    -0.04008   -0.001032  0.00723838
          21    -0.02076 -0.00197143  0.00695439
          22    -0.07144 -0.00512909  0.00732014
          23     0.02488 -0.00382435   0.0071172
          24     0.03768   -0.002095  0.00702761
          25     0.00688   -0.001736  0.00675567
          26     0.00412 -0.00151077  0.00649959
          27    -0.01624  -0.0020563  0.00628171
          28     0.04072-0.000528571  0.00624038
          29     0.04596  0.00107448  0.00622769
          30     0.00752  0.00128933   0.0060238
          31    -0.07624 -0.00121161  0.00632739
          32    -0.02876  -0.0020725  0.00618795
          33     0.01444 -0.00157212  0.00602063
          34     -0.0144 -0.00194941  0.00585536
          35    -0.00452 -0.00202286  0.00568853
          36      0.0178 -0.00147222   0.0055571
          37     0.00972 -0.00116973  0.00541513
          38     0.01972    -0.00062  0.00530046
          39     0.01768-0.000150769  0.00518528
          40    -0.02428   -0.000754  0.00509062
          41      0.0018-0.000691707  0.00496684
          42    -0.01332-0.000992381  0.00485767
          43     0.02668-0.000348837  0.00478714
          44      0.0758  0.00138182  0.00498136
          45     0.05008    0.002464  0.00498683
          46     0.04792  0.00345217  0.00497536
          47    -0.02476  0.00285191  0.00490558
          48     0.00652  0.00292833  0.00480398
          49     0.04676  0.00382286  0.00478849
          50     -0.0006   0.0037344  0.00469354
          51     0.00636  0.00378588  0.00460179
          52     0.02052  0.00410769  0.00452454
          53     -0.0152   0.0037434  0.00445381
          54     0.02156  0.00407333  0.00438353
          55    -0.01464  0.00373309  0.00431702
          56     0.01724  0.00397429  0.00424666
          57    -0.00476  0.00382105  0.00417492
          58    -0.02596  0.00330759   0.0041344
          59     0.00316  0.00330508  0.00406432
          60    -0.00564    0.003156  0.00399932
          61      -0.068  0.00198951  0.00410034
          62      0.0084   0.0020929  0.00403551
          63     0.03512  0.00261714  0.00400536
          64      0.0096  0.00272625  0.00394426
          65     -0.0052  0.00260431  0.00388547
          66      0.0368  0.00312242  0.00386099
          67      0.0056   0.0031594  0.00380354
          68      0.0214  0.00342765  0.00375705
          69    -0.00508  0.00330435  0.00370462
          70    -0.01612  0.00302686  0.00366208
          71     0.01448  0.00318817  0.00361405
          72        0.02  0.00342167  0.00357139
          73    -0.02524  0.00302904  0.00354398
          74     0.00112  0.00300324  0.00349619
          75      0.0236  0.00327787  0.00346034
          76      0.0282  0.00360579  0.00343031
          77    -0.04016   0.0030374  0.00343253
          78     0.05616  0.00371846  0.00345543
          79     0.07708  0.00464709  0.00353427
          80    -0.00528    0.004523  0.00349227
          81      0.0272  0.00480296  0.00346035
          82     0.01048   0.0048722  0.00341885
          83     0.00124  0.00482843  0.00337794
          84    -0.02432  0.00448143   0.0033555
          85    -0.03432  0.00402494  0.00334693
          86    -0.01504  0.00380326  0.00331535
          87    -0.03472  0.00336046  0.00330668
          88     -0.0214  0.00307909  0.00328105
          89    -0.01928  0.00282787  0.00325379
          90    -0.03284  0.00243156  0.00324168
          91       0.047  0.00292132  0.00324284
          92      -0.048  0.00236783  0.00325449
          93     0.06636  0.00305591  0.00329143
          94    -0.01492  0.00286468  0.00326196
          95     0.00628  0.00290063  0.00322783
          96    -0.00864  0.00278042  0.00319644
          97    -0.03776  0.00236247  0.00319069
          98     0.00644  0.00240408  0.00315841
          99     0.03988  0.00278263  0.00314911
         100    -0.02108    0.002544  0.00312664
