           1     3.20138     3.20138           0
           2     2.98202      3.0917   0.0775566
           3     2.53712     2.90684    0.159547
           4     2.37808     2.77465    0.165603
           5     2.63072     2.74586    0.134961
           6     2.59955     2.72148    0.114649
           7     2.78843     2.73104    0.098669
           8      2.1092     2.65331    0.112874
           9     2.13321     2.59552    0.114171
          10      2.4673      2.5827    0.103472
          11     2.71578      2.5948   0.0947699
          12     2.90514     2.62066   0.0903322
          13      2.4849     2.61022    0.083985
          14     2.41477     2.59625   0.0791379
          15     2.39379     2.58276   0.0750043
          16     2.53845     2.57999   0.0703676
          17     2.73994      2.5894   0.0668545
          18     2.89253     2.60624    0.065227
          19     2.07935     2.57851   0.0674317
          20     2.18643      2.5589    0.066849
          21     2.17007     2.54039   0.0661803
          22     2.66073     2.54586   0.0633978
          23     3.01663     2.56633   0.0638601
          24     2.63795     2.56931    0.061269
          25     2.16981     2.55333   0.0608665
          26     2.36165     2.54596   0.0589702
          27     2.55701     2.54637   0.0567876
          28     2.95112     2.56082   0.0565694
          29       3.102     2.57948   0.0576146
          30     2.10997     2.56383   0.0577806
          31      2.6667     2.56715   0.0560119
          32     2.49487     2.56489   0.0543071
          33     2.56453     2.56488   0.0526614
          34     2.54208     2.56421   0.0511168
          35     2.95899     2.57549   0.0508855
          36     2.39077     2.57036   0.0497301
          37     2.62672     2.57188   0.0484094
          38     2.96261     2.58217    0.048215
          39     2.62752     2.58333   0.0469928
          40     2.78437     2.58835   0.0460859
          41     2.95429     2.59728    0.045818
          42     2.63664     2.59822   0.0447367
          43     2.22895     2.58963   0.0445129
          44     2.77907     2.59393    0.043709
          45     2.86589     2.59998   0.0431534
          46      2.6021     2.60002   0.0422153
          47     2.69135     2.60197   0.0413618
          48      2.1448     2.59244   0.0415823
          49     2.36056     2.58771    0.041002
          50     2.67472     2.58945   0.0402189
          51     2.98128     2.59713   0.0401574
          52     2.98277     2.60455   0.0400641
          53     3.20213     2.61582   0.0408639
          54     2.70874     2.61755   0.0401434
          55     2.15189     2.60908   0.0402964
          56     2.04826     2.59906   0.0408023
          57     2.43973     2.59627   0.0401821
          58     2.40399     2.59295   0.0396258
          59     2.19781     2.58626   0.0395161
          60     2.49915      2.5848   0.0388842
          61     2.75194     2.58754   0.0383432
          62     2.53771     2.58674   0.0377331
          63     2.44681     2.58452   0.0371995
          64     2.36875     2.58115   0.0367707
          65     2.66507     2.58244   0.0362277
          66     2.87252     2.58683   0.0359444
          67     2.18859     2.58089    0.035896
          68     2.45839     2.57909   0.0354133
          69     2.55877     2.57879   0.0349013
          70      2.0152     2.57074   0.0353192
          71     2.57685     2.57083   0.0348219
          72     2.20735     2.56578   0.0347022
          73     2.28058     2.56187   0.0344461
          74     2.34933       2.559   0.0341001
          75     3.41631     2.57043   0.0355097
          76       1.961     2.56241   0.0359364
          77     2.73299     2.56463    0.035538
          78      2.0535     2.55808   0.0356814
          79     3.29725     2.56743   0.0364359
          80     3.01355     2.57301   0.0364046
          81     2.47178     2.57176   0.0359766
          82     2.40395     2.56971   0.0355961
          83     2.57221     2.56974   0.0351672
          84     2.92181     2.57393   0.0349974
          85     2.83614     2.57702   0.0347214
          86     2.47818     2.57587   0.0343366
          87      2.1234     2.57067   0.0343336
          88     2.14853     2.56587   0.0342769
          89      2.4928     2.56505   0.0339016
          90     2.56985      2.5651    0.033525
          91     2.50189     2.56441   0.0331638
          92     2.68424     2.56571   0.0328289
          93     2.13194     2.56105   0.0328055
          94     2.40133     2.55935   0.0325005
          95     2.55451      2.5593   0.0321584
          96     2.49536     2.55863   0.0318303
          97     2.13342     2.55425   0.0318026
          98     2.59035     2.55462   0.0314802
          99     2.57667     2.55484    0.031163
         100     2.52047      2.5545   0.0308533
