          15  -0.0282034   0.0849169
           0   -0.377351   -0.330082
           6    0.276048   -0.478862
          21    0.151955   -0.286148
          14   -0.242107   -0.260732
           9   -0.482698   0.0831787
          25   -0.447239  -0.0464925
          11   -0.266843   -0.306707
          17   -0.416046   -0.340741
           2  -0.0228853   0.0718346
          12  -0.0067737    0.256047
           7   -0.331675   0.0724387
           1    0.229649   -0.168834
          20    0.186006   -0.130649
          28    0.418855    0.439875
          29    0.313285   -0.482058
          13  -0.0208621  -0.0057403
          26    0.265764    0.470267
           8   -0.220767   0.0458579
          10   -0.435357    0.254654
           3    0.205029   -0.413993
          22     0.17838   -0.401786
          27    -0.27389     0.49461
          23    -0.37904    0.180137
           4    0.156019    0.405484
           5   -0.128504    0.336567
          18    0.431865    0.254052
          16    0.116809   0.0804683
          24   0.0772691    0.340005
          19  0.00185779   -0.475716
