-5.59619
-5.57565
-5.54877
-5.5309
-5.51976
-5.51258
-5.50601
-5.50376
-5.50597
-5.50998
-5.51486
-5.51983
-5.52366
-5.52464
-5.526
-5.52606
-5.52776
-5.52267
-5.52305
-5.52134
-5.51834
-5.51936
-5.51962
-5.51918
-5.51878
-5.52144
-5.51975
-5.52047
-5.51826
-5.51774
-5.51903
-5.5207
-5.52106
-5.52241
-5.52159
-5.52355
-5.52254
-5.52346
-5.52375
-5.52208
-5.52103
-5.51929
-5.51888
-5.51766
-5.51696
-5.51875
-5.52034
-5.52124
-5.52131
-5.51982
-5.52136
-5.52055
-5.52146
-5.52004
-5.52026
-5.52015
-5.51829
-5.51875
-5.51942
-5.52048
-5.5209
-5.51977
-5.52012
-5.52046
-5.52153
-5.52113
-5.5238
-5.52566
-5.52764
-5.52998
-5.53031
-5.5298
-5.5316
-5.52951
-5.52813
-5.52592
-5.52659
-5.52829
-5.52623
-5.52408
-5.52256
-5.52174
-5.52
-5.52015
-5.52237
-5.52194
-5.52222
-5.52082
-5.51967
-5.51786
-5.51624
-5.51631
-5.51764
-5.5171
-5.51757
-5.51725
-5.51952
-5.52164
-5.52065
-5.51977
-5.31805
-5.3173
-5.31857
-5.31773
-5.31776
-5.319
-5.31693
-5.31866
-5.32031
-5.32052
-5.32243
-5.32359
-5.32222
-5.32311
-5.32205
-5.32199
-5.32106
-5.31991
-5.31957
-5.31847
-5.31794
-5.31838
-5.31635
-5.31685
-5.31428
-5.3156
-5.31633
-5.31733
-5.31831
-5.32088
-5.32117
-5.3232
-5.3246
-5.32476
-5.32283
-5.32219
-5.32465
-5.32259
-5.32164
-5.32091
-5.31847
-5.31789
-5.31781
-5.31783
-5.31691
-5.31794
-5.31669
-5.31772
-5.31817
-5.31806
-5.31775
-5.31726
-5.31752
-5.32044
-5.32106
-5.32124
-5.32123
-5.32199
-5.32188
-5.32096
-5.31866
-5.31728
-5.3149
-5.3173
-5.31638
-5.31734
-5.31759
-5.31592
-5.31563
-5.31394
-5.31549
-5.31516
-5.31746
-5.31678
-5.3172
-5.31891
-5.32079
-5.32182
-5.32195
-5.32056
-5.32123
-5.32198
-5.31921
-5.31785
-5.31867
-5.31796
-5.31782
-5.31828
-5.31961
-5.32168
-5.32145
-5.32306
-5.32302
-5.32373
-5.32366
-5.32147
-5.31961
-5.32348
-5.32329
-5.31999
-5.54932
-5.55157
-5.55012
-5.54951
-5.55005
-5.5501
-5.54972
-5.55162
-5.55308
-5.55185
-5.55218
-5.55182
-5.5507
-5.54904
-5.54883
-5.54583
-5.54626
-5.54877
-5.54866
-5.54862
-5.54913
-5.54974
-5.55108
-5.55255
-5.55228
-5.55029
-5.55042
-5.54813
-5.54533
-5.54497
-5.5439
-5.54519
-5.54547
-5.54551
-5.54727
-5.54963
-5.54909
-5.5509
-5.55042
-5.55024
-5.54752
-5.54889
-5.54609
-5.54448
-5.54523
-5.5452
-5.54949
-5.54897
-5.55034
-5.55305
-5.55066
-5.55047
-5.54789
-5.54672
-5.54647
-5.54557
-5.54756
-5.54622
-5.54826
-5.54878
-5.55026
-5.55163
-5.55118
-5.55286
-5.55285
-5.5532
-5.55101
-5.54917
-5.54893
-5.54987
-5.55066
-5.55126
-5.5517
-5.55135
-5.55031
-5.54897
-5.54939
-5.54843
-5.54709
-5.54727
-5.5492
-5.54888
-5.54755
-5.54818
-5.54859
-5.54956
-5.54885
-5.54995
-5.55074
-5.551
-5.55187
-5.55325
-5.55486
-5.55448
-5.55351
-5.55236
-5.55148
-5.54999
-5.5496
-5.54879
-5.54851
-5.54901
-5.54575
-5.54653
-5.54576
-5.54811
-5.55043
-5.55216
-5.55054
-5.55165
-5.54903
-5.54924
-5.54597
-5.54679
-5.54702
-5.54382
-5.54312
-5.54273
-5.54431
-5.54464
-5.54466
-5.54331
-5.54406
-5.54583
-5.54725
-5.55048
-5.55284
-5.55131
-5.55162
-5.55408
-5.55418
-5.55205
-5.55177
-5.54995
-5.54928
-5.54856
-5.54691
-5.54696
-5.54642
-5.54708
-5.54616
-5.54805
-5.54917
-5.54896
-5.54778
-5.54917
-5.55015
-5.55194
-5.55255
-5.55293
-5.55314
-5.55263
-5.55087
-5.55089
-5.54954
-5.55103
-5.54844
-5.54779
-5.54732
-5.54726
-5.54598
-5.54542
-5.54695
-5.5468
-5.54738
-5.54688
-5.54477
-5.54538
-5.54547
-5.54787
-5.54848
-5.55063
-5.55344
-5.55324
-5.55096
-5.5505
-5.54811
-5.54751
-5.54953
-5.54823
-5.54735
-5.54666
-5.54643
-5.54871
-5.54667
-5.54877
-5.54969
-5.55016
-5.54999
-5.54907
-5.55179
-5.55151
-5.55092
-5.55039
-5.54887
-5.54978
-5.55133
-5.55209
-5.55005
-5.54975
-5.54963
-5.54944
-5.54765
-5.5479
-5.54922
-5.54831
-5.5493
-5.54887
-5.54895
-5.54667
-5.54633
-5.54739
-5.54634
-5.54642
-5.54795
-5.55029
-5.54986
-5.55117
-5.55316
-5.55343
-5.55511
-5.55423
-5.55243
-5.55104
-5.55011
-5.55099
-5.55059
-5.54997
-5.54636
-5.54856
-5.54782
-5.54628
-5.54667
-5.54789
-5.55148
-5.55267
-5.55157
-5.55154
-5.55093
-5.5497
-5.54906
-5.54963
-5.5495
-5.55072
-5.55051
-5.55053
-5.54941
-5.55114
-5.55262
-5.5518
-5.55037
-5.54951
-5.54973
-5.54955
-5.549
-5.54767
-5.54703
-5.5466
-5.54696
-5.54807
-5.54579
-5.54665
-5.54523
-5.54654
-5.54686
-5.54665
-5.54818
-5.54965
-5.55107
-5.55152
-5.55114
-5.55054
-5.55273
-5.55041
-5.55028
-5.55124
-5.5479
-5.54417
-5.54415
-5.5458
-5.5469
-5.54626
-5.54827
-5.54812
-5.54766
-5.55117
-5.55158
-5.55353
-5.55306
-5.5528
-5.55225
-5.55068
-5.5509
-5.54979
-5.55045
-5.55002
-5.55126
-5.55492
-5.55404
-5.554
