1.48786
1.44629
1.37612
1.2785
1.15612
1.0142
0.861302
0.709482
0.573113
0.465966
0.397454
0.370002
0.379068
0.4155
0.468697
0.528984
0.588761
0.642678
0.687365
0.721072
0.743311
0.754553
0.75591
0.749022
0.735956
0.719434
0.702704
0.689141
0.681435
0.680935
0.687474
0.699679
0.715478
0.732721
0.749621
0.764943
0.777994
0.788568
0.796714
0.802445
0.805597
0.805897
0.803315
0.798419
0.792409
0.786779
0.782731
0.780588
0.779634
0.77836
0.775117
0.768836
0.759487
0.748308
0.737365
0.728882
0.724639
0.725523
0.73136
0.740911
0.752245
0.763404
0.77307
0.780645
0.786384
0.791046
0.795652
0.801306
0.808942
0.819135
0.83184
0.846226
0.860709
0.87325
0.881816
0.884873
0.88167
0.872255
0.857246
0.837787
0.815681
0.793238
0.772961
0.757074
0.746987
0.742994
0.744061
0.748048
0.75228
0.754212
0.752199
0.745938
0.736616
0.726564
0.718395
0.713995
0.71404
0.718037
0.72478
0.73288
0.87543
0.877756
0.875261
0.868714
0.859374
0.848778
0.838585
0.830419
0.825893
0.826494
0.833142
0.845806
0.863333
0.883702
0.904653
0.924083
0.940268
0.951726
0.957196
0.955691
0.946547
0.929527
0.904928
0.873943
0.839061
0.804034
0.773494
0.751901
0.742396
0.746008
0.761549
0.786127
0.815846
0.846603
0.874764
0.897579
0.913461
0.921954
0.923556
0.91951
0.911285
0.90049
0.888568
0.876437
0.864558
0.853053
0.841877
0.831039
0.820779
0.811581
0.804186
0.799465
0.79829
0.801257
0.808483
0.819543
0.833437
0.848812
0.864246
0.878425
0.890476
0.899987
0.9067
0.910264
0.910173
0.905879
0.89699
0.883315
0.865193
0.843589
0.820282
0.797663
0.778316
0.764365
0.757149
0.757076
0.763681
0.775763
0.79176
0.810098
0.829357
0.848053
0.864432
0.876748
0.883938
0.886002
0.884035
0.879812
0.875099
0.870995
0.867661
0.864605
0.861337
0.858072
0.855828
0.855755
0.858453
0.863625
0.870332
0.877348
0.731829
0.741647
0.753067
0.765203
0.777198
0.78799
0.796576
0.802562
0.80667
0.810465
0.814735
0.818092
0.817639
0.811016
0.797941
0.780395
0.761662
0.745142
0.733426
0.727753
0.728076
0.733299
0.741837
0.752219
0.76337
0.774549
0.784956
0.793664
0.79949
0.801279
0.798229
0.790416
0.779021
0.766362
0.755304
0.748292
0.746396
0.748927
0.753886
0.758855
0.761724
0.761145
0.756757
0.749357
0.741027
0.734935
0.734427
0.741294
0.754531
0.770828
0.786117
0.797103
0.801996
0.800718
0.794561
0.785572
0.775856
0.767177
0.76083
0.757651
0.757974
0.761404
0.766874
0.773199
0.779633
0.786097
0.792893
0.800308
0.808417
0.816749
0.824451
0.830351
0.833265
0.832172
0.826431
0.815914
0.801152
0.783383
0.764334
0.745726
0.728776
0.714007
0.701303
0.690522
0.682043
0.676972
0.676985
0.683726
0.69799
0.719186
0.745414
0.773873
0.801608
0.825907
0.844699
0.856408
0.860214
0.856037
0.844418
0.826527
0.804041
0.779075
0.754473
0.733375
0.718745
0.712666
0.715827
0.727256
0.744646
0.764828
0.784425
0.800368
0.810411
0.813313
0.808835
0.797578
0.780798
0.760256
0.738151
0.71691
0.698929
0.686208
0.680119
0.681372
0.690083
0.705763
0.727238
0.752691
0.779656
0.805197
0.826387
0.840821
0.847164
0.845321
0.836109
0.821058
0.802272
0.782339
0.76397
0.749272
0.739187
0.733457
0.731296
0.732164
0.735949
0.742626
0.751884
0.762916
0.774452
0.784998
0.793208
0.798236
0.799918
0.798928
0.79665
0.794805
0.794713
0.796852
0.800751
0.805168
0.808419
0.808809
0.804895
0.79584
0.781654
0.763236
0.742438
0.72188
0.704615
0.693463
0.690272
0.695355
0.70746
0.724138
0.742376
0.759119
0.771773
0.778704
0.779461
0.774918
0.76721
0.759475
0.755118
0.756622
0.764545
0.777192
0.791462
0.803962
0.812035
0.814252
0.810491
0.801749
0.789992
0.777627
0.767017
0.759818
0.756581
0.756832
0.759389
0.762818
0.765916
0.767927
0.768698
0.768614
0.768322
0.768354
0.768729
0.7689
0.767918
0.764961
0.75971
0.752509
0.744169
0.735747
0.728342
0.723019
0.720809
0.722601
0.728964
0.739726
0.753848
0.769668
0.785266
0.798909
0.809151
0.814906
0.815712
0.811916
0.804689
0.795913
0.787658
0.781547
0.778186
0.777058
0.776903
0.776459
0.775187
0.773323
0.771483
0.770044
0.768894
0.767516
0.765416
0.762545
0.759699
0.758309
0.759756
0.764482
0.771464
0.778576
0.783589
0.785189
0.783428
0.779517
0.775284
0.772346
0.771522
0.77264
0.774676
0.776279
0.776182
0.773474
0.767746
0.759355
0.749766
0.741468
0.737492
0.740315
0.750787
0.76777
0.788434
0.809204
0.826682
0.83829
0.842754
0.840117
0.831601
0.81892
0.803444
0.785855
0.766578
0.746499
0.727562
0.712549
0.704148
0.703893
0.711508
0.725025
0.741461
0.757675
0.77117
0.780721
0.786672
0.790682
0.794375
0.797914
0.799925
0.798793
0.79388
0.785768
