           0   0.0230664           0
           1   0.0461329           0
           2   0.0691993           0
           3   0.0922657           0
           4    0.115332           0
           5    0.138399           0
           6    0.161465           0
           7    0.184531           0
           8    0.207598           0
           9    0.230664           0
          10    0.253731           0
          11    0.276797           0
          12    0.299864           0
          13     0.32293           0
          14    0.345996           0
          15    0.369063           0
          16    0.392129           0
          17    0.415196           0
          18    0.438262           0
          19    0.461329           0
          20    0.484395           0
          21    0.507461           0
          22    0.530528           0
          23    0.553594           0
          24    0.576661           0
          25    0.599727           0
          26    0.622794           0
          27     0.64586           0
          28    0.668926           0
          29    0.691993           0
          30    0.715059           0
          31    0.738126           0
          32    0.761192           0
          33    0.784259           0
          34    0.807325           0
          35    0.830391           0
          36    0.853458           0
          37    0.876524           0
          38    0.899591           0
          39    0.922657 0.000665473
          40    0.945724   0.0614776
          41     0.96879    0.259252
          42    0.991856    0.943154
          43     1.01492      2.1718
          44     1.03799     3.48622
          45     1.06106     4.32735
          46     1.08412      4.8626
          47     1.10719     4.42331
          48     1.13026     3.43428
          49     1.15332     2.41704
          50     1.17639     1.71333
          51     1.19945     1.05384
          52     1.22252    0.642984
          53     1.24559    0.404618
          54     1.26865    0.197388
          55     1.29172   0.0858278
          56     1.31479   0.0425898
          57     1.33785   0.0478444
          58     1.36092   0.0628997
          59     1.38399    0.122868
          60     1.40705    0.159598
          61     1.43012    0.271339
          62     1.45319    0.380078
          63     1.47625    0.604529
          64     1.49932     0.81978
          65     1.52238    0.884419
          66     1.54545     1.05127
          67     1.56852    0.881451
          68     1.59158    0.787342
          69     1.61465    0.579584
          70     1.63772    0.439643
          71     1.66078     0.31234
          72     1.68385    0.231157
          73     1.70692    0.214373
          74     1.72998    0.261394
          75     1.75305    0.437211
          76     1.77612    0.725874
          77     1.79918     1.10624
          78     1.82225      1.6551
          79     1.84531     2.12177
          80     1.86838     2.49418
          81     1.89145      2.8198
          82     1.91451     2.60408
          83     1.93758      2.0481
          84     1.96065     1.57028
          85     1.98371     1.10132
          86     2.00678    0.787439
          87     2.02985    0.548981
          88     2.05291    0.459924
          89     2.07598    0.471674
          90     2.09905    0.595061
          91     2.12211    0.747988
          92     2.14518    0.880037
          93     2.16824    0.989246
          94     2.19131     1.00825
          95     2.21438    0.885836
          96     2.23744    0.743744
          97     2.26051    0.637025
          98     2.28358     0.57963
          99     2.30664    0.615381
           0   0.0230664           0
           1   0.0461329           0
           2   0.0691993           0
           3   0.0922657           0
           4    0.115332           0
           5    0.138399           0
           6    0.161465           0
           7    0.184531           0
           8    0.207598           0
           9    0.230664           0
          10    0.253731           0
          11    0.276797           0
          12    0.299864           0
          13     0.32293           0
          14    0.345996           0
          15    0.369063           0
          16    0.392129           0
          17    0.415196           0
          18    0.438262           0
          19    0.461329           0
          20    0.484395           0
          21    0.507461           0
          22    0.530528           0
          23    0.553594           0
          24    0.576661           0
          25    0.599727           0
          26    0.622794           0
          27     0.64586           0
          28    0.668926           0
          29    0.691993           0
          30    0.715059           0
          31    0.738126           0
          32    0.761192           0
          33    0.784259           0
          34    0.807325           0
          35    0.830391           0
          36    0.853458           0
          37    0.876524           0
          38    0.899591           0
          39    0.922657  0.00199642
          40    0.945724   0.0722521
          41     0.96879    0.358964
          42    0.991856     1.08967
          43     1.01492     2.26551
          44     1.03799     3.40028
          45     1.06106     4.24456
          46     1.08412     4.53652
          47     1.10719     4.15834
          48     1.13026     3.49086
          49     1.15332     2.56385
          50     1.17639     1.79153
          51     1.19945      1.1778
          52     1.22252    0.732605
          53     1.24559    0.331853
          54     1.26865    0.169038
          55     1.29172   0.0830923
          56     1.31479   0.0505135
          57     1.33785   0.0503962
          58     1.36092   0.0675247
          59     1.38399     0.12257
          60     1.40705    0.199137
          61     1.43012    0.304313
          62     1.45319    0.488092
          63     1.47625    0.609776
          64     1.49932    0.728184
          65     1.52238    0.858007
          66     1.54545    0.876616
          67     1.56852    0.892385
          68     1.59158    0.764066
          69     1.61465    0.630537
          70     1.63772    0.469963
          71     1.66078    0.300918
          72     1.68385    0.243079
          73     1.70692    0.239547
          74     1.72998    0.281501
          75     1.75305    0.489624
          76     1.77612    0.752772
          77     1.79918     1.15637
          78     1.82225     1.69862
          79     1.84531     2.08252
          80     1.86838     2.45162
          81     1.89145     2.61483
          82     1.91451     2.44173
          83     1.93758     2.12469
          84     1.96065     1.68839
          85     1.98371     1.19688
          86     2.00678    0.768904
          87     2.02985    0.583963
          88     2.05291    0.436212
          89     2.07598    0.491399
          90     2.09905    0.607839
          91     2.12211    0.748243
          92     2.14518    0.862182
          93     2.16824    0.952087
          94     2.19131     0.96397
          95     2.21438    0.893456
          96     2.23744    0.775781
          97     2.26051    0.660877
          98     2.28358     0.58415
          99     2.30664    0.577771
           0   0.0230664           0
           1   0.0461329           0
           2   0.0691993           0
           3   0.0922657           0
           4    0.115332           0
           5    0.138399           0
           6    0.161465           0
           7    0.184531           0
           8    0.207598           0
           9    0.230664           0
          10    0.253731           0
          11    0.276797           0
          12    0.299864           0
          13     0.32293           0
          14    0.345996           0
          15    0.369063           0
          16    0.392129           0
          17    0.415196           0
          18    0.438262           0
          19    0.461329           0
          20    0.484395           0
          21    0.507461           0
          22    0.530528           0
          23    0.553594           0
          24    0.576661           0
          25    0.599727           0
          26    0.622794           0
          27     0.64586           0
          28    0.668926           0
          29    0.691993           0
          30    0.715059           0
          31    0.738126           0
          32    0.761192           0
          33    0.784259           0
          34    0.807325           0
          35    0.830391           0
          36    0.853458           0
          37    0.876524           0
          38    0.899591 0.000699593
          39    0.922657   0.0073202
          40    0.945724   0.0443653
          41     0.96879    0.232662
          42    0.991856    0.881431
          43     1.01492     2.19606
          44     1.03799     3.45406
          45     1.06106     4.40964
          46     1.08412     4.78181
          47     1.10719     4.37784
          48     1.13026     3.56347
          49     1.15332     2.52961
          50     1.17639     1.65695
          51     1.19945     1.14533
          52     1.22252    0.629255
          53     1.24559     0.34398
          54     1.26865    0.177897
          55     1.29172   0.0779631
          56     1.31479   0.0194791
          57     1.33785   0.0143533
          58     1.36092   0.0548831
          59     1.38399    0.110343
          60     1.40705    0.196251
          61     1.43012    0.297327
          62     1.45319     0.38441
          63     1.47625    0.581439
          64     1.49932    0.825886
          65     1.52238    0.864919
          66     1.54545    0.937948
          67     1.56852    0.935655
          68     1.59158    0.846777
          69     1.61465    0.639102
          70     1.63772    0.447329
          71     1.66078    0.319816
          72     1.68385     0.18044
          73     1.70692    0.140424
          74     1.72998    0.219073
          75     1.75305     0.41259
          76     1.77612    0.739686
          77     1.79918     1.18879
          78     1.82225     1.68964
          79     1.84531     2.19521
          80     1.86838     2.52343
          81     1.89145     2.70657
          82     1.91451     2.48698
          83     1.93758     2.14579
          84     1.96065     1.65644
          85     1.98371     1.18113
          86     2.00678    0.803122
          87     2.02985    0.503128
          88     2.05291    0.399009
          89     2.07598    0.411432
          90     2.09905    0.565334
          91     2.12211    0.778862
          92     2.14518    0.923864
          93     2.16824    0.961866
          94     2.19131    0.991738
          95     2.21438    0.868957
          96     2.23744     0.77004
          97     2.26051    0.632187
          98     2.28358    0.541591
          99     2.30664    0.528381
           0   0.0230664           0
           1   0.0461329           0
           2   0.0691993           0
           3   0.0922657           0
           4    0.115332           0
           5    0.138399           0
           6    0.161465           0
           7    0.184531           0
           8    0.207598           0
           9    0.230664           0
          10    0.253731           0
          11    0.276797           0
          12    0.299864           0
          13     0.32293           0
          14    0.345996           0
          15    0.369063           0
          16    0.392129           0
          17    0.415196           0
          18    0.438262           0
          19    0.461329           0
          20    0.484395           0
          21    0.507461           0
          22    0.530528           0
          23    0.553594           0
          24    0.576661           0
          25    0.599727           0
          26    0.622794           0
          27     0.64586           0
          28    0.668926           0
          29    0.691993           0
          30    0.715059           0
          31    0.738126           0
          32    0.761192           0
          33    0.784259           0
          34    0.807325           0
          35    0.830391           0
          36    0.853458           0
          37    0.876524           0
          38    0.899591           0
          39    0.922657   0.0036601
          40    0.945724   0.0370767
          41     0.96879    0.257439
          42    0.991856    0.954691
          43     1.01492     2.17153
          44     1.03799     3.31486
          45     1.06106     4.44952
          46     1.08412     4.79535
          47     1.10719     4.34373
          48     1.13026     3.56369
          49     1.15332      2.5707
          50     1.17639     1.81766
          51     1.19945     1.08335
          52     1.22252    0.577007
          53     1.24559    0.315683
          54     1.26865    0.165139
          55     1.29172   0.0687306
          56     1.31479   0.0351614
          57     1.33785   0.0349264
          58     1.36092   0.0571956
          59     1.38399   0.0957298
          60     1.40705     0.16032
          61     1.43012    0.284892
          62     1.45319    0.446132
          63     1.47625    0.604791
          64     1.49932    0.789375
          65     1.52238    0.899599
          66     1.54545    0.945615
          67     1.56852    0.934259
          68     1.59158    0.808359
          69     1.61465    0.612088
          70     1.63772     0.45523
          71     1.66078    0.311613
          72     1.68385    0.208021
          73     1.70692    0.166385
          74     1.72998    0.231616
          75     1.75305    0.368477
          76     1.77612    0.710699
          77     1.79918     1.15106
          78     1.82225      1.7051
          79     1.84531     2.17896
          80     1.86838     2.55688
          81     1.89145     2.67802
          82     1.91451     2.53598
          83     1.93758     2.18294
          84     1.96065     1.68824
          85     1.98371     1.14947
          86     2.00678    0.761562
          87     2.02985    0.508703
          88     2.05291    0.402552
          89     2.07598    0.436821
          90     2.09905    0.581697
          91     2.12211    0.725343
          92     2.14518    0.877415
          93     2.16824     0.99053
          94     2.19131    0.995328
          95     2.21438    0.912387
          96     2.23744     0.80977
          97     2.26051    0.622005
          98     2.28358    0.530013
          99     2.30664    0.539945
