           0   0.0230664           0           0
           1   0.0461329           0           0
           2   0.0691993           0           0
           3   0.0922657           0           0
           4    0.115332           0           0
           5    0.138399           0           0
           6    0.161465           0           0
           7    0.184531           0           0
           8    0.207598           0           0
           9    0.230664           0           0
          10    0.253731           0           0
          11    0.276797           0           0
          12    0.299864           0           0
          13     0.32293           0           0
          14    0.345996           0           0
          15    0.369063           0           0
          16    0.392129           0           0
          17    0.415196           0           0
          18    0.438262           0           0
          19    0.461329           0           0
          20    0.484395           0           0
          21    0.507461           0           0
          22    0.530528           0           0
          23    0.553594           0           0
          24    0.576661           0           0
          25    0.599727           0           0
          26    0.622794           0           0
          27     0.64586           0           0
          28    0.668926           0           0
          29    0.691993           0           0
          30    0.715059           0           0
          31    0.738126           0           0
          32    0.761192           0           0
          33    0.784259           0           0
          34    0.807325           0           0
          35    0.830391           0           0
          36    0.853458           0           0
          37    0.876524           0           0
          38    0.899591           0           0
          39    0.922657 0.000665473           0
          40    0.945724   0.0614776           0
          41     0.96879    0.259252           0
          42    0.991856    0.943154           0
          43     1.01492      2.1718           0
          44     1.03799     3.48622           0
          45     1.06106     4.32735           0
          46     1.08412      4.8626           0
          47     1.10719     4.42331           0
          48     1.13026     3.43428           0
          49     1.15332     2.41704           0
          50     1.17639     1.71333           0
          51     1.19945     1.05384           0
          52     1.22252    0.642984           0
          53     1.24559    0.404618           0
          54     1.26865    0.197388           0
          55     1.29172   0.0858278           0
          56     1.31479   0.0425898           0
          57     1.33785   0.0478444           0
          58     1.36092   0.0628997           0
          59     1.38399    0.122868           0
          60     1.40705    0.159598           0
          61     1.43012    0.271339           0
          62     1.45319    0.380078           0
          63     1.47625    0.604529           0
          64     1.49932     0.81978           0
          65     1.52238    0.884419           0
          66     1.54545     1.05127           0
          67     1.56852    0.881451           0
          68     1.59158    0.787342           0
          69     1.61465    0.579584           0
          70     1.63772    0.439643           0
          71     1.66078     0.31234           0
          72     1.68385    0.231157           0
          73     1.70692    0.214373           0
          74     1.72998    0.261394           0
          75     1.75305    0.437211           0
          76     1.77612    0.725874           0
          77     1.79918     1.10624           0
          78     1.82225      1.6551           0
          79     1.84531     2.12177           0
          80     1.86838     2.49418           0
          81     1.89145      2.8198           0
          82     1.91451     2.60408           0
          83     1.93758      2.0481           0
          84     1.96065     1.57028           0
          85     1.98371     1.10132           0
          86     2.00678    0.787439           0
          87     2.02985    0.548981           0
          88     2.05291    0.459924           0
          89     2.07598    0.471674           0
          90     2.09905    0.595061           0
          91     2.12211    0.747988           0
          92     2.14518    0.880037           0
          93     2.16824    0.989246           0
          94     2.19131     1.00825           0
          95     2.21438    0.885836           0
          96     2.23744    0.743744           0
          97     2.26051    0.637025           0
          98     2.28358     0.57963           0
          99     2.30664    0.615381           0
           0   0.0230664           0           0
           1   0.0461329           0           0
           2   0.0691993           0           0
           3   0.0922657           0           0
           4    0.115332           0           0
           5    0.138399           0           0
           6    0.161465           0           0
           7    0.184531           0           0
           8    0.207598           0           0
           9    0.230664           0           0
          10    0.253731           0           0
          11    0.276797           0           0
          12    0.299864           0           0
          13     0.32293           0           0
          14    0.345996           0           0
          15    0.369063           0           0
          16    0.392129           0           0
          17    0.415196           0           0
          18    0.438262           0           0
          19    0.461329           0           0
          20    0.484395           0           0
          21    0.507461           0           0
          22    0.530528           0           0
          23    0.553594           0           0
          24    0.576661           0           0
          25    0.599727           0           0
          26    0.622794           0           0
          27     0.64586           0           0
          28    0.668926           0           0
          29    0.691993           0           0
          30    0.715059           0           0
          31    0.738126           0           0
          32    0.761192           0           0
          33    0.784259           0           0
          34    0.807325           0           0
          35    0.830391           0           0
          36    0.853458           0           0
          37    0.876524           0           0
          38    0.899591           0           0
          39    0.922657  0.00199642           0
          40    0.945724   0.0722521           0
          41     0.96879    0.358964           0
          42    0.991856     1.08967           0
          43     1.01492     2.26551           0
          44     1.03799     3.40028           0
          45     1.06106     4.24456           0
          46     1.08412     4.53652           0
          47     1.10719     4.15834           0
          48     1.13026     3.49086           0
          49     1.15332     2.56385           0
          50     1.17639     1.79153           0
          51     1.19945      1.1778           0
          52     1.22252    0.732605           0
          53     1.24559    0.331853           0
          54     1.26865    0.169038           0
          55     1.29172   0.0830923           0
          56     1.31479   0.0505135           0
          57     1.33785   0.0503962           0
          58     1.36092   0.0675247           0
          59     1.38399     0.12257           0
          60     1.40705    0.199137           0
          61     1.43012    0.304313           0
          62     1.45319    0.488092           0
          63     1.47625    0.609776           0
          64     1.49932    0.728184           0
          65     1.52238    0.858007           0
          66     1.54545    0.876616           0
          67     1.56852    0.892385           0
          68     1.59158    0.764066           0
          69     1.61465    0.630537           0
          70     1.63772    0.469963           0
          71     1.66078    0.300918           0
          72     1.68385    0.243079           0
          73     1.70692    0.239547           0
          74     1.72998    0.281501           0
          75     1.75305    0.489624           0
          76     1.77612    0.752772           0
          77     1.79918     1.15637           0
          78     1.82225     1.69862           0
          79     1.84531     2.08252           0
          80     1.86838     2.45162           0
          81     1.89145     2.61483           0
          82     1.91451     2.44173           0
          83     1.93758     2.12469           0
          84     1.96065     1.68839           0
          85     1.98371     1.19688           0
          86     2.00678    0.768904           0
          87     2.02985    0.583963           0
          88     2.05291    0.436212           0
          89     2.07598    0.491399           0
          90     2.09905    0.607839           0
          91     2.12211    0.748243           0
          92     2.14518    0.862182           0
          93     2.16824    0.952087           0
          94     2.19131     0.96397           0
          95     2.21438    0.893456           0
          96     2.23744    0.775781           0
          97     2.26051    0.660877           0
          98     2.28358     0.58415           0
          99     2.30664    0.577771           0
           0   0.0230664           0           0
           1   0.0461329           0           0
           2   0.0691993           0           0
           3   0.0922657           0           0
           4    0.115332           0           0
           5    0.138399           0           0
           6    0.161465           0           0
           7    0.184531           0           0
           8    0.207598           0           0
           9    0.230664           0           0
          10    0.253731           0           0
          11    0.276797           0           0
          12    0.299864           0           0
          13     0.32293           0           0
          14    0.345996           0           0
          15    0.369063           0           0
          16    0.392129           0           0
          17    0.415196           0           0
          18    0.438262           0           0
          19    0.461329           0           0
          20    0.484395           0           0
          21    0.507461           0           0
          22    0.530528           0           0
          23    0.553594           0           0
          24    0.576661           0           0
          25    0.599727           0           0
          26    0.622794           0           0
          27     0.64586           0           0
          28    0.668926           0           0
          29    0.691993           0           0
          30    0.715059           0           0
          31    0.738126           0           0
          32    0.761192           0           0
          33    0.784259           0           0
          34    0.807325           0           0
          35    0.830391           0           0
          36    0.853458           0           0
          37    0.876524           0           0
          38    0.899591 0.000699593           0
          39    0.922657   0.0073202           0
          40    0.945724   0.0443653           0
          41     0.96879    0.232662           0
          42    0.991856    0.881431           0
          43     1.01492     2.19606           0
          44     1.03799     3.45406           0
          45     1.06106     4.40964           0
          46     1.08412     4.78181           0
          47     1.10719     4.37784           0
          48     1.13026     3.56347           0
          49     1.15332     2.52961           0
          50     1.17639     1.65695           0
          51     1.19945     1.14533           0
          52     1.22252    0.629255           0
          53     1.24559     0.34398           0
          54     1.26865    0.177897           0
          55     1.29172   0.0779631           0
          56     1.31479   0.0194791           0
          57     1.33785   0.0143533           0
          58     1.36092   0.0548831           0
          59     1.38399    0.110343           0
          60     1.40705    0.196251           0
          61     1.43012    0.297327           0
          62     1.45319     0.38441           0
          63     1.47625    0.581439           0
          64     1.49932    0.825886           0
          65     1.52238    0.864919           0
          66     1.54545    0.937948           0
          67     1.56852    0.935655           0
          68     1.59158    0.846777           0
          69     1.61465    0.639102           0
          70     1.63772    0.447329           0
          71     1.66078    0.319816           0
          72     1.68385     0.18044           0
          73     1.70692    0.140424           0
          74     1.72998    0.219073           0
          75     1.75305     0.41259           0
          76     1.77612    0.739686           0
          77     1.79918     1.18879           0
          78     1.82225     1.68964           0
          79     1.84531     2.19521           0
          80     1.86838     2.52343           0
          81     1.89145     2.70657           0
          82     1.91451     2.48698           0
          83     1.93758     2.14579           0
          84     1.96065     1.65644           0
          85     1.98371     1.18113           0
          86     2.00678    0.803122           0
          87     2.02985    0.503128           0
          88     2.05291    0.399009           0
          89     2.07598    0.411432           0
          90     2.09905    0.565334           0
          91     2.12211    0.778862           0
          92     2.14518    0.923864           0
          93     2.16824    0.961866           0
          94     2.19131    0.991738           0
          95     2.21438    0.868957           0
          96     2.23744     0.77004           0
          97     2.26051    0.632187           0
          98     2.28358    0.541591           0
          99     2.30664    0.528381           0
           0   0.0230664           0           0
           1   0.0461329           0           0
           2   0.0691993           0           0
           3   0.0922657           0           0
           4    0.115332           0           0
           5    0.138399           0           0
           6    0.161465           0           0
           7    0.184531           0           0
           8    0.207598           0           0
           9    0.230664           0           0
          10    0.253731           0           0
          11    0.276797           0           0
          12    0.299864           0           0
          13     0.32293           0           0
          14    0.345996           0           0
          15    0.369063           0           0
          16    0.392129           0           0
          17    0.415196           0           0
          18    0.438262           0           0
          19    0.461329           0           0
          20    0.484395           0           0
          21    0.507461           0           0
          22    0.530528           0           0
          23    0.553594           0           0
          24    0.576661           0           0
          25    0.599727           0           0
          26    0.622794           0           0
          27     0.64586           0           0
          28    0.668926           0           0
          29    0.691993           0           0
          30    0.715059           0           0
          31    0.738126           0           0
          32    0.761192           0           0
          33    0.784259           0           0
          34    0.807325           0           0
          35    0.830391           0           0
          36    0.853458           0           0
          37    0.876524           0           0
          38    0.899591           0           0
          39    0.922657   0.0036601           0
          40    0.945724   0.0370767           0
          41     0.96879    0.257439           0
          42    0.991856    0.954691           0
          43     1.01492     2.17153           0
          44     1.03799     3.31486           0
          45     1.06106     4.44952           0
          46     1.08412     4.79535           0
          47     1.10719     4.34373           0
          48     1.13026     3.56369           0
          49     1.15332      2.5707           0
          50     1.17639     1.81766           0
          51     1.19945     1.08335           0
          52     1.22252    0.577007           0
          53     1.24559    0.315683           0
          54     1.26865    0.165139           0
          55     1.29172   0.0687306           0
          56     1.31479   0.0351614           0
          57     1.33785   0.0349264           0
          58     1.36092   0.0571956           0
          59     1.38399   0.0957298           0
          60     1.40705     0.16032           0
          61     1.43012    0.284892           0
          62     1.45319    0.446132           0
          63     1.47625    0.604791           0
          64     1.49932    0.789375           0
          65     1.52238    0.899599           0
          66     1.54545    0.945615           0
          67     1.56852    0.934259           0
          68     1.59158    0.808359           0
          69     1.61465    0.612088           0
          70     1.63772     0.45523           0
          71     1.66078    0.311613           0
          72     1.68385    0.208021           0
          73     1.70692    0.166385           0
          74     1.72998    0.231616           0
          75     1.75305    0.368477           0
          76     1.77612    0.710699           0
          77     1.79918     1.15106           0
          78     1.82225      1.7051           0
          79     1.84531     2.17896           0
          80     1.86838     2.55688           0
          81     1.89145     2.67802           0
          82     1.91451     2.53598           0
          83     1.93758     2.18294           0
          84     1.96065     1.68824           0
          85     1.98371     1.14947           0
          86     2.00678    0.761562           0
          87     2.02985    0.508703           0
          88     2.05291    0.402552           0
          89     2.07598    0.436821           0
          90     2.09905    0.581697           0
          91     2.12211    0.725343           0
          92     2.14518    0.877415           0
          93     2.16824     0.99053           0
          94     2.19131    0.995328           0
          95     2.21438    0.912387           0
          96     2.23744     0.80977           0
          97     2.26051    0.622005           0
          98     2.28358    0.530013           0
          99     2.30664    0.539945           0
