1.99845
1.99298
1.98311
1.96802
1.94654
1.91699
1.87729
1.82504
1.75788
1.67422
1.57433
1.46158
1.34329
1.22982
1.13171
1.05638
1.00631
0.979617
0.97158
0.976393
0.98839
1.00292
1.01686
1.02869
1.0383
1.04645
1.05435
1.06314
1.07361
1.086
1.10022
1.11628
1.13442
1.15468
1.17604
1.19623
1.21266
1.22365
1.22894
1.22941
1.22636
1.22093
1.21373
1.20485
1.19406
1.18103
1.16574
1.1486
1.13054
1.11303
1.09807
1.08798
1.08479
1.08925
1.10011
1.11441
1.12891
1.14168
1.15249
1.16167
1.16878
1.17264
1.17263
1.1695
1.16506
1.16115
1.15868
1.15747
1.15659
1.15499
1.15194
1.14716
1.1407
1.13278
1.1237
1.11369
1.10269
1.0902
1.07565
1.05895
1.04093
1.02332
1.00841
0.998501
0.995489
1.00031
1.01268
1.03124
1.05394
1.0787
1.10365
1.12727
1.14812
1.16481
1.17597
1.18038
1.17713
1.16583
1.14678
1.12126
1.05516
1.02566
0.998793
0.977255
0.962797
0.955889
0.955705
0.960492
0.968214
0.977094
0.985807
0.99349
0.999846
1.00515
1.01011
1.01559
1.02222
1.03034
1.04011
1.05174
1.06555
1.08184
1.10044
1.12045
1.14032
1.15849
1.17409
1.18723
1.19836
1.20742
1.21358
1.21575
1.21328
1.20628
1.19575
1.18332
1.17091
1.16
1.15111
1.14375
1.13688
1.12962
1.12158
1.11284
1.10378
1.09509
1.08771
1.0828
1.0814
1.08424
1.09184
1.10444
1.12146
1.14112
1.16074
1.17763
1.18985
1.1964
1.19724
1.19315
1.18567
1.17687
1.16882
1.16293
1.15927
1.15652
1.15237
1.14434
1.13045
1.10973
1.08263
1.05138
1.01999
0.993379
0.975573
0.968012
0.96942
0.97725
0.989338
1.00464
1.02307
1.04488
1.07001
1.09756
1.12578
1.15243
1.1756
1.19422
1.20802
1.21731
1.2226
1.22437
1.223
1.21886
1.21232
1.20364
1.19307
1.1808
1.16703
1.15212
1.13694
1.1213
1.1061
1.09164
1.07803
1.06509
1.05252
1.03995
1.02732
1.01533
1.00533
0.998933
0.99758
1.00226
1.01333
1.0303
1.05184
1.07603
1.10081
1.12441
1.14545
1.16298
1.17637
1.18527
1.18951
1.18906
1.18394
1.17432
1.16055
1.14337
1.124
1.10411
1.0857
1.07085
1.06123
1.05766
1.06005
1.0675
1.07861
1.09167
1.10503
1.11733
1.12767
1.13554
1.14072
1.14303
1.14219
1.1379
1.12999
1.11874
1.10506
1.09059
1.07734
1.06701
1.06014
1.05587
1.05278
1.05014
1.04853
1.04901
1.05156
1.05476
1.05684
1.057
1.0559
1.05548
1.05794
1.06418
1.07282
1.08071
1.08459
1.08247
1.07424
1.06214
1.0512
1.0483
1.05812
1.07847
1.1015
1.11973
1.12982
1.13227
1.12952
1.12406
1.11726
1.10929
1.09968
1.08842
1.07654
1.06602
1.05896
1.0563
1.05727
1.05998
1.06257
1.06403
1.06422
1.0634
1.06175
1.05919
1.05539
1.04997
1.0428
1.0343
1.02564
1.01877
1.01596
1.01913
1.02909
1.04521
1.06574
1.08848
1.11139
1.13287
1.15175
1.16721
1.17869
1.18592
1.1889
1.18791
1.18346
1.17637
1.16775
1.15874
1.15015
1.14221
1.13485
1.12806
1.12214
1.11775
1.11584
1.11717
1.12162
1.1279
1.13405
1.1382
1.13907
1.13616
1.12983
1.12125
1.11211
1.1041
1.09814
1.09388
1.0899
1.08433
1.07579
1.06409
1.05064
1.03813
1.02964
1.02749
1.03268
1.04509
1.06368
1.0866
1.11145
1.13575
1.15731
1.17447
1.18601
1.19112
1.1897
1.18296
1.17403
1.16754
1.16727
1.17343
1.18262
1.19037
1.1934
1.19033
1.18128
1.16739
1.15043
1.13246
1.11552
1.10128
1.09046
1.08267
1.07682
1.07206
1.0683
1.06591
1.06483
1.06406
1.06208
1.0577
1.05075
1.0422
1.03402
1.02847
1.02757
1.03243
1.04308
1.05855
1.0771
1.09642
1.11389
1.12724
