-3.3642
-3.36358
-3.36271
-3.36048
-3.35562
-3.34927
-3.34332
-3.33822
-3.33356
-3.32983
-3.32774
-3.32631
-3.32703
-3.33153
-3.33561
-3.34071
-3.34565
-3.34987
-3.35205
-3.35305
-3.35356
-3.3547
-3.3543
-3.35485
-3.35426
-3.35383
-3.35253
-3.35244
-3.35212
-3.35256
-3.35313
-3.35327
-3.35299
-3.35341
-3.35281
-3.35227
-3.35259
-3.35111
-3.34865
-3.34833
-3.34866
-3.34701
-3.34721
-3.3474
-3.34754
-3.34674
-3.34597
-3.345
-3.34482
-3.34475
-3.34486
-3.34623
-3.34782
-3.34922
-3.35058
-3.35096
-3.352
-3.35244
-3.35248
-3.35223
-3.35092
-3.35111
-3.34995
-3.34991
-3.34913
-3.34855
-3.34848
-3.34921
-3.34916
-3.34899
-3.34889
-3.34847
-3.34763
-3.34698
-3.34714
-3.347
-3.34591
-3.34564
-3.345
-3.34548
-3.34586
-3.34625
-3.34639
-3.34852
-3.34921
-3.35099
-3.35189
-3.35296
-3.35355
-3.35476
-3.35345
-3.35404
-3.35291
-3.35186
-3.35229
-3.34998
-3.34894
-3.34713
-3.34499
-3.34418
-3.39894
-3.39943
-3.39885
-3.39922
-3.40066
-3.40175
-3.40309
-3.40412
-3.40365
-3.40401
-3.4045
-3.40536
-3.40608
-3.40537
-3.40463
-3.40447
-3.40498
-3.40521
-3.40412
-3.40472
-3.40462
-3.4053
-3.4065
-3.4069
-3.40673
-3.40608
-3.40568
-3.40551
-3.40492
-3.40622
-3.40615
-3.40533
-3.40507
-3.40445
-3.40419
-3.40513
-3.40542
-3.40496
-3.40615
-3.4066
-3.40569
-3.40604
-3.40637
-3.40583
-3.40599
-3.40581
-3.40625
-3.40641
-3.40791
-3.40799
-3.40844
-3.40796
-3.40866
-3.40824
-3.4074
-3.40651
-3.4054
-3.40483
-3.40401
-3.40293
-3.40258
-3.40241
-3.40267
-3.40348
-3.40465
-3.40492
-3.40435
-3.40358
-3.40154
-3.40187
-3.40074
-3.40086
-3.40139
-3.40219
-3.404
-3.40503
-3.40678
-3.4083
-3.40807
-3.40807
-3.40811
-3.40908
-3.41059
-3.41037
-3.41105
-3.41034
-3.41046
-3.40778
-3.40616
-3.40568
-3.40436
-3.40462
-3.40388
-3.40304
-3.40316
-3.40362
-3.40305
-3.40326
-3.40276
-3.40308
-3.40227
-3.40306
-3.40271
-3.40404
-3.40355
-3.40288
-3.40426
-3.40439
-3.40321
-3.40401
-3.40489
-3.40465
-3.40505
-3.4057
-3.4071
-3.4085
-3.40888
-3.40911
-3.40859
-3.40783
-3.40721
-3.40708
-3.40703
-3.40483
-3.40488
-3.40327
-3.40348
-3.40238
-3.40135
-3.40138
-3.40193
-3.40126
-3.4012
-3.4031
-3.40443
-3.40399
-3.40332
-3.40306
-3.40197
-3.40197
-3.40219
-3.4015
-3.40176
-3.40016
-3.40004
-3.39914
-3.39879
-3.39886
-3.39741
-3.39591
-3.39612
-3.39586
-3.39665
-3.39808
-3.39841
-3.39838
-3.39786
-3.39825
-3.39895
-3.40036
-3.40103
-3.40067
-3.39965
-3.39953
-3.39917
-3.40007
-3.40032
-3.40174
-3.40232
-3.40117
-3.40021
-3.39971
-3.39951
-3.40018
-3.40196
-3.40292
-3.405
-3.40646
-3.40602
-3.40385
-3.40169
-3.39997
-3.39911
-3.39884
-3.4011
-3.40134
-3.40153
-3.40134
-3.40214
-3.40223
-3.40241
-3.40305
-3.4036
-3.40279
-3.40161
-3.40141
-3.40139
-3.3999
-3.39932
-3.40022
-3.4003
-3.39883
-3.39828
-3.3971
-3.39707
-3.39752
-3.39725
-3.39719
-3.39714
-3.39884
-3.39933
-3.40039
-3.40042
-3.3995
-3.39873
-3.39847
-3.3983
-3.39765
-3.39688
-3.39617
-3.39511
-3.39465
-3.39451
-3.39499
-3.39569
-3.39578
-3.39632
-3.39626
-3.3975
-3.39705
-3.39749
-3.39709
-3.39794
-3.39775
-3.39742
-3.3973
-3.39675
-3.39694
-3.39651
-3.39585
-3.39606
-3.39724
-3.39891
-3.39862
-3.39836
-3.39753
-3.39824
-3.39814
-3.39808
-3.39833
-3.39854
-3.39916
-3.40088
-3.40204
-3.40359
-3.40375
-3.40429
-3.40478
-3.40406
-3.4036
-3.40237
-3.40107
-3.40212
-3.40047
-3.40005
-3.40063
-3.40184
-3.40289
-3.40403
-3.40335
-3.40369
-3.4017
-3.39997
-3.39923
-3.39863
-3.39804
-3.39835
-3.39809
-3.39889
-3.39927
-3.39977
-3.40006
-3.39964
-3.40031
-3.40135
-3.40188
-3.40159
-3.40133
-3.40145
-3.40121
-3.40099
-3.40157
-3.40178
-3.40267
-3.40333
-3.40348
-3.40391
-3.40457
-3.40469
-3.40349
