           0   0.0256496           0           0
           1   0.0512993           0           0
           2   0.0769489           0           0
           3    0.102599           0           0
           4    0.128248           0           0
           5    0.153898           0           0
           6    0.179547           0           0
           7    0.205197           0           0
           8    0.230847           0           0
           9    0.256496           0           0
          10    0.282146           0           0
          11    0.307796           0           0
          12    0.333445           0           0
          13    0.359095           0           0
          14    0.384745           0           0
          15    0.410394           0           0
          16    0.436044           0           0
          17    0.461694           0           0
          18    0.487343           0           0
          19    0.512993           0           0
          20    0.538642           0           0
          21    0.564292           0           0
          22    0.589942           0           0
          23    0.615591           0           0
          24    0.641241           0           0
          25    0.666891           0           0
          26     0.69254           0           0
          27     0.71819           0           0
          28     0.74384           0           0
          29    0.769489           0           0
          30    0.795139           0           0
          31    0.820788           0           0
          32    0.846438           0           0
          33    0.872088           0           0
          34    0.897737  0.00173224           0
          35    0.923387   0.0204828           0
          36    0.949037     0.17775           0
          37    0.974686     0.54494           0
          38     1.00034     1.02141           0
          39     1.02599     1.50264           0
          40     1.05164     1.91531           0
          41     1.07728     2.10423           0
          42     1.10293      2.1955           0
          43     1.12858     2.18558           0
          44     1.15423     2.01887           0
          45     1.17988     2.03596           0
          46     1.20553     2.32269           0
          47     1.23118     2.10817           0
          48     1.25683     1.65767           0
          49     1.28248     1.41846           0
          50     1.30813     1.21122           0
          51     1.33378    0.992854           0
          52     1.35943    0.883626           0
          53     1.38508    0.830183           0
          54     1.41073    0.754113           0
          55     1.43638    0.652428           0
          56     1.46203    0.651063           0
          57     1.48768    0.602202           0
          58     1.51333    0.571647           0
          59     1.53898    0.560362           0
          60     1.56463    0.603183           0
          61     1.59028    0.570902           0
          62     1.61593    0.658099           0
          63     1.64158    0.620272           0
          64     1.66723    0.658215           0
          65     1.69288    0.664733           0
          66     1.71853    0.839482           0
          67     1.74418    0.761179           0
          68     1.76983    0.768359           0
          69     1.79547    0.766483           0
          70     1.82112    0.779997           0
          71     1.84677    0.761952           0
          72     1.87242    0.832893           0
          73     1.89807    0.889156           0
          74     1.92372    0.903484           0
          75     1.94937     1.00592           0
          76     1.97502     1.03465           0
          77     2.00067      1.0756           0
          78     2.02632     1.14439           0
          79     2.05197     1.26201           0
          80     2.07762     1.35679           0
          81     2.10327     1.60267           0
          82     2.12892     1.43739           0
          83     2.15457     1.25467           0
          84     2.18022     1.20309           0
          85     2.20587     1.15778           0
          86     2.23152     1.09212           0
          87     2.25717     1.00235           0
          88     2.28282    0.975175           0
          89     2.30847    0.950811           0
          90     2.33412    0.911367           0
          91     2.35977    0.940631           0
          92     2.38542    0.920243           0
          93     2.41107    0.930574           0
          94     2.43672    0.971391           0
          95     2.46237    0.916548           0
          96     2.48802     0.86684           0
          97     2.51366    0.854279           0
          98     2.53931    0.845574           0
          99     2.56496    0.868278           0
           0   0.0256496           0           0
           1   0.0512993           0           0
           2   0.0769489           0           0
           3    0.102599           0           0
           4    0.128248           0           0
           5    0.153898           0           0
           6    0.179547           0           0
           7    0.205197           0           0
           8    0.230847           0           0
           9    0.256496           0           0
          10    0.282146           0           0
          11    0.307796           0           0
          12    0.333445           0           0
          13    0.359095           0           0
          14    0.384745           0           0
          15    0.410394           0           0
          16    0.436044           0           0
          17    0.461694           0           0
          18    0.487343           0           0
          19    0.512993           0           0
          20    0.538642           0           0
          21    0.564292           0           0
          22    0.589942           0           0
          23    0.615591           0           0
          24    0.641241           0           0
          25    0.666891           0           0
          26     0.69254           0           0
          27     0.71819           0           0
          28     0.74384           0           0
          29    0.769489           0           0
          30    0.795139           0           0
          31    0.820788           0           0
          32    0.846438           0           0
          33    0.872088           0           0
          34    0.897737           0           0
          35    0.923387   0.0180249           0
          36    0.949037    0.153688           0
          37    0.974686    0.476454           0
          38     1.00034     1.04029           0
          39     1.02599     1.77349           0
          40     1.05164     2.27911           0
          41     1.07728     2.39189           0
          42     1.10293     2.38586           0
          43     1.12858      2.3719           0
          44     1.15423     2.13065           0
          45     1.17988     2.00768           0
          46     1.20553     1.68215           0
          47     1.23118     1.49238           0
          48     1.25683      1.2153           0
          49     1.28248      1.0983           0
          50     1.30813     1.07253           0
          51     1.33378    0.958795           0
          52     1.35943    0.871804           0
          53     1.38508    0.818055           0
          54     1.41073    0.817901           0
          55     1.43638    0.753302           0
          56     1.46203    0.797651           0
          57     1.48768    0.771571           0
          58     1.51333     0.70423           0
          59     1.53898    0.729753           0
          60     1.56463    0.712564           0
          61     1.59028    0.726552           0
          62     1.61593    0.668115           0
          63     1.64158    0.682456           0
          64     1.66723    0.623104           0
          65     1.69288    0.673866           0
          66     1.71853    0.712505           0
          67     1.74418    0.711396           0
          68     1.76983    0.796608           0
          69     1.79547    0.825781           0
          70     1.82112    0.784908           0
          71     1.84677    0.881364           0
          72     1.87242    0.881185           0
          73     1.89807    0.938914           0
          74     1.92372     1.03006           0
          75     1.94937     1.05199           0
          76     1.97502     1.09626           0
          77     2.00067      1.1647           0
          78     2.02632     1.22608           0
          79     2.05197      1.1569           0
          80     2.07762     1.19869           0
          81     2.10327     1.15297           0
          82     2.12892     1.18016           0
          83     2.15457      1.1955           0
          84     2.18022     1.16382           0
          85     2.20587     1.15107           0
          86     2.23152     1.12434           0
          87     2.25717     1.10256           0
          88     2.28282     1.08896           0
          89     2.30847     1.00999           0
          90     2.33412    0.990639           0
          91     2.35977    0.916136           0
          92     2.38542    0.938973           0
          93     2.41107    0.942186           0
          94     2.43672    0.904246           0
          95     2.46237    0.904123           0
          96     2.48802    0.889346           0
          97     2.51366    0.830427           0
          98     2.53931    0.859246           0
          99     2.56496    0.884813           0
           0   0.0256496           0           0
           1   0.0512993           0           0
           2   0.0769489           0           0
           3    0.102599           0           0
           4    0.128248           0           0
           5    0.153898           0           0
           6    0.179547           0           0
           7    0.205197           0           0
           8    0.230847           0           0
           9    0.256496           0           0
          10    0.282146           0           0
          11    0.307796           0           0
          12    0.333445           0           0
          13    0.359095           0           0
          14    0.384745           0           0
          15    0.410394           0           0
          16    0.436044           0           0
          17    0.461694           0           0
          18    0.487343           0           0
          19    0.512993           0           0
          20    0.538642           0           0
          21    0.564292           0           0
          22    0.589942           0           0
          23    0.615591           0           0
          24    0.641241           0           0
          25    0.666891           0           0
          26     0.69254           0           0
          27     0.71819           0           0
          28     0.74384           0           0
          29    0.769489           0           0
          30    0.795139           0           0
          31    0.820788           0           0
          32    0.846438           0           0
          33    0.872088           0           0
          34    0.897737  0.00259835           0
          35    0.923387   0.0253987           0
          36    0.949037    0.168436           0
          37    0.974686    0.516956           0
          38     1.00034     1.06898           0
          39     1.02599     1.66768           0
          40     1.05164     2.30509           0
          41     1.07728     2.41666           0
          42     1.10293     2.49893           0
          43     1.12858     2.26496           0
          44     1.15423     2.13671           0
          45     1.17988     1.95594           0
          46     1.20553     1.76149           0
          47     1.23118     1.52765           0
          48     1.25683     1.33758           0
          49     1.28248     1.21344           0
          50     1.30813     1.09496           0
          51     1.33378    0.947904           0
          52     1.35943     0.85693           0
          53     1.38508    0.820076           0
          54     1.41073    0.708576           0
          55     1.43638    0.670893           0
          56     1.46203    0.668891           0
          57     1.48768    0.650366           0
          58     1.51333    0.631926           0
          59     1.53898     0.65132           0
          60     1.56463    0.634497           0
          61     1.59028     0.60709           0
          62     1.61593    0.652955           0
          63     1.64158    0.651626           0
          64     1.66723    0.696126           0
          65     1.69288    0.731256           0
          66     1.71853    0.779827           0
          67     1.74418    0.807008           0
          68     1.76983    0.883048           0
          69     1.79547     0.90199           0
          70     1.82112    0.908111           0
          71     1.84677    0.895485           0
          72     1.87242    0.968678           0
          73     1.89807     1.02466           0
          74     1.92372       1.054           0
          75     1.94937     1.03595           0
          76     1.97502     1.06164           0
          77     2.00067     1.10792           0
          78     2.02632     1.15311           0
          79     2.05197     1.17332           0
          80     2.07762     1.17264           0
          81     2.10327     1.19403           0
          82     2.12892     1.19934           0
          83     2.15457     1.18327           0
          84     2.18022     1.14486           0
          85     2.20587     1.09819           0
          86     2.23152     1.08563           0
          87     2.25717     1.03734           0
          88     2.28282     1.00461           0
          89     2.30847    0.999791           0
          90     2.33412    0.963846           0
          91     2.35977    0.958555           0
          92     2.38542    0.931918           0
          93     2.41107    0.891947           0
          94     2.43672    0.864928           0
          95     2.46237    0.865381           0
          96     2.48802    0.861156           0
          97     2.51366    0.865474           0
          98     2.53931    0.864318           0
          99     2.56496    0.880166           0
