           0   0.0256496           0
           1   0.0512993           0
           2   0.0769489           0
           3    0.102599           0
           4    0.128248           0
           5    0.153898           0
           6    0.179547           0
           7    0.205197           0
           8    0.230847           0
           9    0.256496           0
          10    0.282146           0
          11    0.307796           0
          12    0.333445           0
          13    0.359095           0
          14    0.384745           0
          15    0.410394           0
          16    0.436044           0
          17    0.461694           0
          18    0.487343           0
          19    0.512993           0
          20    0.538642           0
          21    0.564292           0
          22    0.589942           0
          23    0.615591           0
          24    0.641241           0
          25    0.666891           0
          26     0.69254           0
          27     0.71819           0
          28     0.74384           0
          29    0.769489           0
          30    0.795139           0
          31    0.820788           0
          32    0.846438           0
          33    0.872088           0
          34    0.897737  0.00173224
          35    0.923387   0.0204828
          36    0.949037     0.17775
          37    0.974686     0.54494
          38     1.00034     1.02141
          39     1.02599     1.50264
          40     1.05164     1.91531
          41     1.07728     2.10423
          42     1.10293      2.1955
          43     1.12858     2.18558
          44     1.15423     2.01887
          45     1.17988     2.03596
          46     1.20553     2.32269
          47     1.23118     2.10817
          48     1.25683     1.65767
          49     1.28248     1.41846
          50     1.30813     1.21122
          51     1.33378    0.992854
          52     1.35943    0.883626
          53     1.38508    0.830183
          54     1.41073    0.754113
          55     1.43638    0.652428
          56     1.46203    0.651063
          57     1.48768    0.602202
          58     1.51333    0.571647
          59     1.53898    0.560362
          60     1.56463    0.603183
          61     1.59028    0.570902
          62     1.61593    0.658099
          63     1.64158    0.620272
          64     1.66723    0.658215
          65     1.69288    0.664733
          66     1.71853    0.839482
          67     1.74418    0.761179
          68     1.76983    0.768359
          69     1.79547    0.766483
          70     1.82112    0.779997
          71     1.84677    0.761952
          72     1.87242    0.832893
          73     1.89807    0.889156
          74     1.92372    0.903484
          75     1.94937     1.00592
          76     1.97502     1.03465
          77     2.00067      1.0756
          78     2.02632     1.14439
          79     2.05197     1.26201
          80     2.07762     1.35679
          81     2.10327     1.60267
          82     2.12892     1.43739
          83     2.15457     1.25467
          84     2.18022     1.20309
          85     2.20587     1.15778
          86     2.23152     1.09212
          87     2.25717     1.00235
          88     2.28282    0.975175
          89     2.30847    0.950811
          90     2.33412    0.911367
          91     2.35977    0.940631
          92     2.38542    0.920243
          93     2.41107    0.930574
          94     2.43672    0.971391
          95     2.46237    0.916548
          96     2.48802     0.86684
          97     2.51366    0.854279
          98     2.53931    0.845574
          99     2.56496    0.868278
           0   0.0256496           0
           1   0.0512993           0
           2   0.0769489           0
           3    0.102599           0
           4    0.128248           0
           5    0.153898           0
           6    0.179547           0
           7    0.205197           0
           8    0.230847           0
           9    0.256496           0
          10    0.282146           0
          11    0.307796           0
          12    0.333445           0
          13    0.359095           0
          14    0.384745           0
          15    0.410394           0
          16    0.436044           0
          17    0.461694           0
          18    0.487343           0
          19    0.512993           0
          20    0.538642           0
          21    0.564292           0
          22    0.589942           0
          23    0.615591           0
          24    0.641241           0
          25    0.666891           0
          26     0.69254           0
          27     0.71819           0
          28     0.74384           0
          29    0.769489           0
          30    0.795139           0
          31    0.820788           0
          32    0.846438           0
          33    0.872088           0
          34    0.897737           0
          35    0.923387   0.0180249
          36    0.949037    0.153688
          37    0.974686    0.476454
          38     1.00034     1.04029
          39     1.02599     1.77349
          40     1.05164     2.27911
          41     1.07728     2.39189
          42     1.10293     2.38586
          43     1.12858      2.3719
          44     1.15423     2.13065
          45     1.17988     2.00768
          46     1.20553     1.68215
          47     1.23118     1.49238
          48     1.25683      1.2153
          49     1.28248      1.0983
          50     1.30813     1.07253
          51     1.33378    0.958795
          52     1.35943    0.871804
          53     1.38508    0.818055
          54     1.41073    0.817901
          55     1.43638    0.753302
          56     1.46203    0.797651
          57     1.48768    0.771571
          58     1.51333     0.70423
          59     1.53898    0.729753
          60     1.56463    0.712564
          61     1.59028    0.726552
          62     1.61593    0.668115
          63     1.64158    0.682456
          64     1.66723    0.623104
          65     1.69288    0.673866
          66     1.71853    0.712505
          67     1.74418    0.711396
          68     1.76983    0.796608
          69     1.79547    0.825781
          70     1.82112    0.784908
          71     1.84677    0.881364
          72     1.87242    0.881185
          73     1.89807    0.938914
          74     1.92372     1.03006
          75     1.94937     1.05199
          76     1.97502     1.09626
          77     2.00067      1.1647
          78     2.02632     1.22608
          79     2.05197      1.1569
          80     2.07762     1.19869
          81     2.10327     1.15297
          82     2.12892     1.18016
          83     2.15457      1.1955
          84     2.18022     1.16382
          85     2.20587     1.15107
          86     2.23152     1.12434
          87     2.25717     1.10256
          88     2.28282     1.08896
          89     2.30847     1.00999
          90     2.33412    0.990639
          91     2.35977    0.916136
          92     2.38542    0.938973
          93     2.41107    0.942186
          94     2.43672    0.904246
          95     2.46237    0.904123
          96     2.48802    0.889346
          97     2.51366    0.830427
          98     2.53931    0.859246
          99     2.56496    0.884813
           0   0.0256496           0
           1   0.0512993           0
           2   0.0769489           0
           3    0.102599           0
           4    0.128248           0
           5    0.153898           0
           6    0.179547           0
           7    0.205197           0
           8    0.230847           0
           9    0.256496           0
          10    0.282146           0
          11    0.307796           0
          12    0.333445           0
          13    0.359095           0
          14    0.384745           0
          15    0.410394           0
          16    0.436044           0
          17    0.461694           0
          18    0.487343           0
          19    0.512993           0
          20    0.538642           0
          21    0.564292           0
          22    0.589942           0
          23    0.615591           0
          24    0.641241           0
          25    0.666891           0
          26     0.69254           0
          27     0.71819           0
          28     0.74384           0
          29    0.769489           0
          30    0.795139           0
          31    0.820788           0
          32    0.846438           0
          33    0.872088           0
          34    0.897737  0.00259835
          35    0.923387   0.0253987
          36    0.949037    0.168436
          37    0.974686    0.516956
          38     1.00034     1.06898
          39     1.02599     1.66768
          40     1.05164     2.30509
          41     1.07728     2.41666
          42     1.10293     2.49893
          43     1.12858     2.26496
          44     1.15423     2.13671
          45     1.17988     1.95594
          46     1.20553     1.76149
          47     1.23118     1.52765
          48     1.25683     1.33758
          49     1.28248     1.21344
          50     1.30813     1.09496
          51     1.33378    0.947904
          52     1.35943     0.85693
          53     1.38508    0.820076
          54     1.41073    0.708576
          55     1.43638    0.670893
          56     1.46203    0.668891
          57     1.48768    0.650366
          58     1.51333    0.631926
          59     1.53898     0.65132
          60     1.56463    0.634497
          61     1.59028     0.60709
          62     1.61593    0.652955
          63     1.64158    0.651626
          64     1.66723    0.696126
          65     1.69288    0.731256
          66     1.71853    0.779827
          67     1.74418    0.807008
          68     1.76983    0.883048
          69     1.79547     0.90199
          70     1.82112    0.908111
          71     1.84677    0.895485
          72     1.87242    0.968678
          73     1.89807     1.02466
          74     1.92372       1.054
          75     1.94937     1.03595
          76     1.97502     1.06164
          77     2.00067     1.10792
          78     2.02632     1.15311
          79     2.05197     1.17332
          80     2.07762     1.17264
          81     2.10327     1.19403
          82     2.12892     1.19934
          83     2.15457     1.18327
          84     2.18022     1.14486
          85     2.20587     1.09819
          86     2.23152     1.08563
          87     2.25717     1.03734
          88     2.28282     1.00461
          89     2.30847    0.999791
          90     2.33412    0.963846
          91     2.35977    0.958555
          92     2.38542    0.931918
          93     2.41107    0.891947
          94     2.43672    0.864928
          95     2.46237    0.865381
          96     2.48802    0.861156
          97     2.51366    0.865474
          98     2.53931    0.864318
          99     2.56496    0.880166
