           0   0.0256496           0           0
           1   0.0512993           0           0
           2   0.0769489           0           0
           3    0.102599           0           0
           4    0.128248           0           0
           5    0.153898           0           0
           6    0.179547           0           0
           7    0.205197           0           0
           8    0.230847           0           0
           9    0.256496           0           0
          10    0.282146           0           0
          11    0.307796           0           0
          12    0.333445           0           0
          13    0.359095           0           0
          14    0.384745           0           0
          15    0.410394           0           0
          16    0.436044           0           0
          17    0.461694           0           0
          18    0.487343           0           0
          19    0.512993           0           0
          20    0.538642           0           0
          21    0.564292           0           0
          22    0.589942           0           0
          23    0.615591           0           0
          24    0.641241           0           0
          25    0.666891           0           0
          26     0.69254           0           0
          27     0.71819           0           0
          28     0.74384           0           0
          29    0.769489           0           0
          30    0.795139           0           0
          31    0.820788           0           0
          32    0.846438           0           0
          33    0.872088 9.17052e-06 9.07835e-06
          34    0.897737 0.000857457 0.000157572
          35    0.923387   0.0225803 0.000813528
          36    0.949037    0.157142  0.00216075
          37    0.974686    0.534571  0.00376084
          38     1.00034      1.1503   0.0059177
          39     1.02599      1.7903  0.00818991
          40     1.05164     2.24762  0.00905887
          41     1.07728     2.45033  0.00862923
          42     1.10293     2.43317   0.0092625
          43     1.12858     2.30647  0.00782182
          44     1.15423     2.10588  0.00808609
          45     1.17988     1.88133  0.00871404
          46     1.20553     1.67716  0.00723263
          47     1.23118     1.48529  0.00711475
          48     1.25683     1.33641   0.0079116
          49     1.28248     1.18958  0.00618512
          50     1.30813     1.07485  0.00568931
          51     1.33378    0.969749  0.00527451
          52     1.35943     0.89533  0.00598222
          53     1.38508    0.830866  0.00560715
          54     1.41073    0.783073  0.00546121
          55     1.43638    0.737059  0.00424484
          56     1.46203    0.706489  0.00424646
          57     1.48768     0.68326  0.00373098
          58     1.51333    0.660139  0.00378328
          59     1.53898    0.654997  0.00430157
          60     1.56463    0.647516  0.00396142
          61     1.59028    0.650532  0.00419643
          62     1.61593     0.65262  0.00405755
          63     1.64158    0.664892  0.00420744
          64     1.66723    0.682297   0.0040723
          65     1.69288    0.708643  0.00399652
          66     1.71853    0.734271  0.00365134
          67     1.74418    0.764392  0.00396299
          68     1.76983    0.798393  0.00399778
          69     1.79547    0.835271  0.00490948
          70     1.82112    0.868966  0.00425873
          71     1.84677    0.921106  0.00442841
          72     1.87242    0.960571  0.00408767
          73     1.89807    0.994185  0.00378969
          74     1.92372     1.03064  0.00318049
          75     1.94937     1.07204  0.00390605
          76     1.97502     1.10796  0.00426137
          77     2.00067     1.14074  0.00400403
          78     2.02632     1.16484  0.00414321
          79     2.05197     1.17985   0.0046358
          80     2.07762     1.18923  0.00393364
          81     2.10327     1.18482  0.00396041
          82     2.12892     1.17777  0.00423979
          83     2.15457     1.16917  0.00400499
          84     2.18022     1.14365  0.00418406
          85     2.20587     1.12459  0.00353224
          86     2.23152     1.08882  0.00355765
          87     2.25717     1.06107   0.0035247
          88     2.28282     1.03652  0.00303939
          89     2.30847     1.01069  0.00304081
          90     2.33412    0.981141  0.00342073
          91     2.35977    0.951499  0.00267141
          92     2.38542    0.934281   0.0033507
          93     2.41107    0.916929  0.00314177
          94     2.43672    0.900523  0.00298705
          95     2.46237    0.888879  0.00308333
          96     2.48802    0.883708  0.00338456
          97     2.51366    0.873587  0.00318651
          98     2.53931    0.876781  0.00326763
          99     2.56496    0.875364  0.00298948
