           1    -5.49271    -5.49271           0
           2    -5.46987    -5.48129   0.0080763
           3    -5.43289    -5.46515   0.0142302
           4    -5.47548    -5.46774   0.0109044
           5    -5.45456     -5.4651  0.00903637
           6    -5.47787    -5.46723  0.00777703
           7    -5.43336    -5.46239  0.00803121
           8    -5.45117    -5.46099  0.00714868
           9    -5.46719    -5.46168   0.0063875
          10    -5.45252    -5.46076  0.00581403
          11    -5.43037      -5.458  0.00590547
          12    -5.43465    -5.45605  0.00572495
          13    -5.45759    -5.45617  0.00528579
          14    -5.47449    -5.45748  0.00506764
          15    -5.44871     -5.4569  0.00476343
          16    -5.47724    -5.45817  0.00463238
          17    -5.49152    -5.46013  0.00475721
          18    -5.46961    -5.46066  0.00452198
          19    -5.47352    -5.46133  0.00433436
          20    -5.47119    -5.46183  0.00414554
          21    -5.44851    -5.46119  0.00399631
          22    -5.44247    -5.46034  0.00390424
          23    -5.46871     -5.4607  0.00375139
          24    -5.42871    -5.45937  0.00382457
          25    -5.44994    -5.45899  0.00369015
          26    -5.46598    -5.45926  0.00355797
          27    -5.46918    -5.45963  0.00344509
          28    -5.44584    -5.45914  0.00335708
          29    -5.48019    -5.45986  0.00331887
          30    -5.46002    -5.45987  0.00320825
          31    -5.47519    -5.46036   0.0031426
          32    -5.45612    -5.46023  0.00304719
          33    -5.43887    -5.45958  0.00302283
          34    -5.47904    -5.46016  0.00298759
          35    -5.48593    -5.46089  0.00299159
          36    -5.46701    -5.46106  0.00291331
          37    -5.45202    -5.46082  0.00284479
          38    -5.45339    -5.46062  0.00277664
          39     -5.4456    -5.46024  0.00273204
          40    -5.47459     -5.4606  0.00268721
          41    -5.46676    -5.46075  0.00262586
          42    -5.46074    -5.46075  0.00256334
          43    -5.46008    -5.46073  0.00250378
          44    -5.45331    -5.46056  0.00245255
          45    -5.47553    -5.46089  0.00242048
          46      -5.452     -5.4607  0.00237558
          47    -5.41116    -5.45965  0.00254814
          48     -5.4201    -5.45882  0.00262488
          49    -5.46112    -5.45887  0.00257173
          50     -5.4564    -5.45882  0.00252077
