           1     1.10721     1.10721           0
           2      1.0921     1.09965  0.00534299
           3     1.06863     1.08931  0.00916369
           4     1.09597     1.09098  0.00702222
           5     1.08123     1.08903  0.00588242
           6      1.0968     1.09032  0.00504259
           7     1.06733     1.08704  0.00528519
           8     1.08146     1.08634  0.00467033
           9     1.09085     1.08684  0.00417818
          10     1.08159     1.08632  0.00379327
          11     1.06642     1.08451  0.00385557
          12     1.06856     1.08318  0.00375645
          13     1.08367     1.08322  0.00346768
          14     1.09402     1.08399  0.00330473
          15      1.0783     1.08361  0.00310612
          16     1.09756     1.08448  0.00303188
          17     1.10668     1.08579  0.00312208
          18      1.0918     1.08612  0.00296644
          19     1.09366     1.08652  0.00283673
          20     1.09209     1.08679  0.00270856
          21     1.07776     1.08636  0.00261355
          22     1.07451     1.08583  0.00254968
          23     1.09239     1.08611  0.00245474
          24     1.06595     1.08527   0.0024921
          25     1.07879     1.08501  0.00240587
          26     1.08846     1.08514    0.002317
          27      1.0909     1.08536  0.00224098
          28     1.07596     1.08502  0.00218591
          29     1.09811     1.08547  0.00215663
          30     1.08392     1.08542  0.00208536
          31     1.09503     1.08573  0.00204101
          32     1.08265     1.08564   0.0019795
          33      1.0722     1.08523  0.00196095
          34      1.0981     1.08561   0.0019395
          35     1.10196     1.08607  0.00193954
          36     1.08979     1.08618  0.00188841
          37     1.08057     1.08603  0.00184344
          38     1.08152     1.08591  0.00179874
          39     1.07477     1.08562  0.00177513
          40     1.09457     1.08585  0.00174479
          41     1.08949     1.08593   0.0017045
          42     1.08596     1.08593  0.00166391
          43     1.08554     1.08593  0.00162524
          44     1.08068     1.08581  0.00159267
          45     1.09506     1.08601  0.00157048
          46     1.08095      1.0859  0.00154019
          47     1.05288      1.0852  0.00165992
          48     1.05834     1.08464  0.00171706
          49     1.08581     1.08466  0.00168219
          50     1.08448     1.08466  0.00164855
