           1       7.613       7.613           0
           2     7.39986     7.50643   0.0753588
           3     7.38955     7.46747   0.0594629
           4     7.24284     7.41131   0.0659871
           5     7.62844     7.45474   0.0655388
           6     7.74964     7.50389   0.0706824
           7     7.75523     7.53979   0.0691058
           8     7.62465      7.5504   0.0612761
           9     7.58016     7.55371   0.0545568
          10     7.39086     7.53742   0.0514743
          11      7.5707     7.54045   0.0468836
          12     7.61037     7.54627   0.0433373
          13     7.72135     7.55974   0.0420441
          14     7.38601     7.54733   0.0408313
          15      7.7848     7.56316   0.0410638
          16     7.47833     7.55786   0.0388381
          17     7.67269     7.56462   0.0371363
          18     7.64924     7.56932   0.0353695
          19      7.4946     7.56539   0.0337258
          20     7.50977     7.56261    0.032154
          21     7.87504     7.57748   0.0338906
          22      7.5311     7.57538   0.0324156
          23     7.57395     7.57531   0.0310063
          24      7.8468     7.58663   0.0317108
          25     7.36944     7.57794     0.03161
          26     7.32967     7.56839   0.0318038
          27     7.73531     7.57457   0.0312209
          28      7.6282     7.57649   0.0301646
          29     7.74287     7.58222    0.029665
          30     7.62157     7.58354   0.0287052
          31     7.69179     7.58703   0.0279908
          32     7.67764     7.58986    0.027259
          33     7.45522     7.58578   0.0267365
          34     7.45925     7.58206   0.0262079
          35     7.90986     7.59142   0.0270809
          36     7.63189     7.59255    0.026352
          37     7.31983     7.58518   0.0266506
          38     7.54077     7.58401   0.0259749
          39     7.46935     7.58107   0.0254747
          40      7.3655     7.57568   0.0254015
          41     7.35221     7.57023     0.02536
          42     7.46299     7.56768   0.0248844
          43     7.45154     7.56497   0.0244518
          44     7.63138     7.56648   0.0239426
          45     7.55604     7.56625   0.0234117
          46     7.57735     7.56649    0.022904
          47     7.49759     7.56503   0.0224635
          48     7.77698     7.56944   0.0224254
          49     7.42675     7.56653    0.022156
          50     7.62096     7.56762   0.0217396
