           0   0.0230664           0           0
           1   0.0461329           0           0
           2   0.0691993           0           0
           3   0.0922657           0           0
           4    0.115332           0           0
           5    0.138399           0           0
           6    0.161465           0           0
           7    0.184531           0           0
           8    0.207598           0           0
           9    0.230664           0           0
          10    0.253731           0           0
          11    0.276797           0           0
          12    0.299864           0           0
          13     0.32293           0           0
          14    0.345996           0           0
          15    0.369063           0           0
          16    0.392129           0           0
          17    0.415196           0           0
          18    0.438262           0           0
          19    0.461329           0           0
          20    0.484395           0           0
          21    0.507461           0           0
          22    0.530528           0           0
          23    0.553594           0           0
          24    0.576661           0           0
          25    0.599727           0           0
          26    0.622794           0           0
          27     0.64586           0           0
          28    0.668926           0           0
          29    0.691993           0           0
          30    0.715059           0           0
          31    0.738126           0           0
          32    0.761192           0           0
          33    0.784259           0           0
          34    0.807325           0           0
          35    0.830391           0           0
          36    0.853458           0           0
          37    0.876524           0           0
          38    0.899591 6.29633e-05 3.23481e-05
          39    0.922657  0.00328078 0.000273089
          40    0.945724   0.0433956  0.00114319
          41     0.96879    0.279623  0.00280717
          42    0.991856    0.956791  0.00624811
          43     1.01492     2.12481  0.00759054
          44     1.03799     3.46748  0.00636619
          45     1.06106     4.42495  0.00650355
          46     1.08412     4.69224    0.010563
          47     1.10719     4.33174   0.0107407
          48     1.13026     3.51918  0.00957056
          49     1.15332     2.59474  0.00625919
          50     1.17639      1.7433  0.00403382
          51     1.19945     1.08962  0.00371652
          52     1.22252    0.626478  0.00370098
          53     1.24559    0.336795  0.00308846
          54     1.26865    0.169576  0.00277363
          55     1.29172   0.0824494  0.00197012
          56     1.31479   0.0456833  0.00147171
          57     1.33785   0.0390634  0.00141937
          58     1.36092   0.0562182  0.00152498
          59     1.38399   0.0998095  0.00177568
          60     1.40705    0.175477  0.00196035
          61     1.43012    0.289433  0.00217582
          62     1.45319    0.442599  0.00208604
          63     1.47625     0.61171   0.0019397
          64     1.49932    0.776218  0.00270389
          65     1.52238    0.896911  0.00420552
          66     1.54545    0.943954  0.00467683
          67     1.56852    0.903505  0.00408368
          68     1.59158    0.784798  0.00273436
          69     1.61465    0.627334  0.00195278
          70     1.63772     0.45047  0.00157096
          71     1.66078    0.305794  0.00211234
          72     1.68385    0.210707  0.00235453
          73     1.70692    0.183989   0.0028256
          74     1.72998    0.245325  0.00347269
          75     1.75305    0.417738  0.00423052
          76     1.77612    0.726405  0.00426636
          77     1.79918     1.16579  0.00363391
          78     1.82225     1.68843  0.00305869
          79     1.84531     2.18319  0.00379137
          80     1.86838     2.53921  0.00638595
          81     1.89145     2.65696  0.00843998
          82     1.91451     2.50455  0.00733925
          83     1.93758     2.12978  0.00607054
          84     1.96065     1.65397  0.00284377
          85     1.98371     1.16838  0.00309878
          86     2.00678     0.77908  0.00405139
          87     2.02985     0.52591  0.00433126
          88     2.05291    0.416961  0.00395634
          89     2.07598    0.447673  0.00376763
          90     2.09905    0.569577  0.00272021
          91     2.12211    0.742093  0.00151518
          92     2.14518    0.900122  0.00198129
          93     2.16824    0.999105  0.00262138
          94     2.19131     1.00569  0.00318375
          95     2.21438    0.903282  0.00217498
          96     2.23744    0.764701  0.00162551
          97     2.26051    0.640253  0.00205254
          98     2.28358     0.55614  0.00353412
          99     2.30664    0.557738  0.00444326
