           1    -7.54236    -7.54236           0
           2    -7.58253    -7.56245   0.0142035
           3    -7.58361     -7.5695   0.0110827
           4    -7.61025    -7.57969   0.0121219
           5    -7.54156    -7.57206   0.0118554
           6    -7.51831     -7.5631   0.0128254
           7    -7.51718    -7.55654   0.0125596
           8    -7.54005    -7.55448   0.0111576
           9     -7.5484    -7.55381  0.00993827
          10    -7.58064    -7.55649  0.00929971
          11     -7.5503    -7.55593  0.00847128
          12    -7.54543    -7.55505  0.00781035
          13    -7.52403    -7.55267  0.00756524
          14    -7.58346    -7.55487  0.00733766
          15    -7.51383    -7.55213   0.0073408
          16    -7.56725    -7.55308  0.00694256
          17    -7.53444    -7.55198  0.00662018
          18    -7.53632    -7.55111  0.00630929
          19    -7.56271    -7.55172  0.00600668
          20    -7.56048    -7.55216  0.00572229
          21    -7.49621    -7.54949  0.00603819
          22     -7.5586    -7.54991   0.0057779
          23    -7.54814    -7.54983   0.0055272
          24    -7.49965    -7.54774  0.00567854
          25    -7.58643    -7.54929   0.0056584
          26    -7.59519    -7.55105  0.00570956
          27    -7.51943    -7.54988  0.00561696
          28    -7.53798    -7.54946   0.0054324
          29    -7.52152    -7.54849  0.00532983
          30    -7.54204    -7.54828  0.00515652
          31    -7.52997    -7.54769  0.00502389
          32    -7.53084    -7.54716   0.0048944
          33    -7.57368    -7.54796  0.00481161
          34    -7.57321    -7.54871  0.00472706
          35     -7.4902    -7.54704  0.00487867
          36    -7.53834    -7.54679  0.00474912
          37    -7.59535    -7.54811  0.00479869
          38    -7.55578    -7.54831  0.00467666
          39     -7.5677    -7.54881  0.00458309
          40     -7.5884     -7.5498  0.00457414
          41    -7.59099     -7.5508  0.00457162
          42    -7.57064    -7.55127  0.00448712
          43    -7.57145    -7.55174  0.00440724
          44    -7.54059    -7.55149  0.00431435
          45    -7.55297    -7.55152   0.0042186
          46     -7.5486    -7.55146  0.00412737
          47    -7.56327    -7.55171   0.0040472
          48     -7.5126    -7.55089  0.00404406
          49     -7.5757     -7.5514   0.0039931
          50    -7.54132     -7.5512  0.00391832
