           1     -0.5812     -0.5812           0
           2    -0.58144    -0.58132 8.48528e-05
           3    -0.59256   -0.585067  0.00305966
           4    -0.57936    -0.58364  0.00260622
           5    -0.57768   -0.582448  0.00234176
           6    -0.58272   -0.582493   0.0019519
           7    -0.57344     -0.5812   0.0020574
           8      -0.584    -0.58155  0.00182975
           9    -0.57816   -0.581173  0.00166476
          10    -0.58264    -0.58132  0.00150473
          11    -0.58192   -0.581375  0.00136893
          12    -0.58504    -0.58168  0.00128848
          13    -0.58704   -0.582092   0.0012536
          14    -0.58696    -0.58244  0.00121131
          15      -0.576   -0.582011  0.00120424
          16    -0.57568   -0.581615  0.00119221
          17    -0.58136     -0.5816  0.00112217
          18    -0.59816    -0.58252  0.00138658
          19    -0.58464   -0.582632  0.00131809
          20     -0.5752    -0.58226  0.00130351
          21     -0.5844   -0.582362  0.00124541
          22      -0.584   -0.582436  0.00119103
          23      -0.588   -0.582678  0.00116355
          24    -0.59328    -0.58312  0.00119598
          25    -0.58432   -0.583168  0.00114911
          26    -0.58432   -0.583212  0.00110576
          27    -0.58888   -0.583422  0.00108455
          28    -0.58368   -0.583431  0.00104586
          29    -0.59024   -0.583666  0.00103581
          30    -0.56944   -0.583192  0.00110451
          31    -0.58312    -0.58319  0.00106888
          32    -0.59008   -0.583405  0.00105695
          33    -0.58064   -0.583321  0.00102823
          34     -0.5808   -0.583247  0.00100066
          35      -0.586   -0.583326 0.000975158
          36    -0.57792   -0.583176 0.000959562
          37    -0.57856   -0.583051 0.000941701
          38    -0.58296   -0.583048 0.000916923
          39     -0.5784   -0.582929 0.000901125
          40    -0.59408   -0.583208 0.000920708
          41    -0.58184   -0.583175 0.000898856
          42    -0.57624    -0.58301  0.00089249
          43    -0.58008   -0.582941 0.000874331
          44    -0.58008   -0.582876 0.000856875
          45    -0.58696   -0.582967 0.000842625
          46     -0.5888   -0.583094 0.000833793
          47    -0.57904   -0.583008 0.000820502
          48    -0.58288   -0.583005 0.000803413
          49    -0.59088   -0.583166  0.00080293
          50    -0.57776   -0.583058 0.000794117
          51    -0.57976   -0.582993 0.000781174
          52    -0.58576   -0.583046 0.000767962
          53    -0.59496   -0.583271 0.000785682
          54     -0.5816    -0.58324 0.000771742
          55    -0.57592   -0.583107   0.0007691
          56     -0.5792   -0.583037 0.000758524
          57    -0.58224   -0.583023 0.000745346
          58    -0.58328   -0.583028 0.000732508
          59    -0.58448   -0.583052 0.000720506
          60    -0.57792   -0.582967 0.000713557
          61    -0.59336   -0.583137 0.000721915
          62    -0.58928   -0.583236 0.000717038
          63    -0.57712   -0.583139 0.000712198
          64    -0.58664   -0.583194 0.000703168
          65     -0.5856   -0.583231 0.000693323
          66    -0.57512   -0.583108 0.000693624
          67    -0.58304   -0.583107 0.000683272
          68    -0.56904     -0.5829 0.000703843
          69    -0.57488   -0.582784 0.000703174
          70     -0.5764   -0.582693 0.000699017
          71     -0.5788   -0.582638 0.000691319
          72    -0.58144   -0.582621 0.000681917
          73    -0.58648   -0.582674 0.000674622
          74      -0.578   -0.582611 0.000668455
          75    -0.59432   -0.582767 0.000677529
          76    -0.57144   -0.582618  0.00068481
          77    -0.58568   -0.582658  0.00067707
          78    -0.57712   -0.582587 0.000672102
          79    -0.59008   -0.582682 0.000670254
          80     -0.5828   -0.582683 0.000661878
          81     -0.5824    -0.58268 0.000653715
          82    -0.59088    -0.58278 0.000653348
          83    -0.58208   -0.582771 0.000645531
          84    -0.59384   -0.582903 0.000651156
          85    -0.58928   -0.582978 0.000647803
          86    -0.57744   -0.582913 0.000643463
          87    -0.58056   -0.582886 0.000636636
          88    -0.56504   -0.582684 0.000660913
          89    -0.57944   -0.582647 0.000654491
          90    -0.58448   -0.582668 0.000647536
          91    -0.58536   -0.582697 0.000641096
          92    -0.58536   -0.582726 0.000634781
          93    -0.57824   -0.582678 0.000629785
          94     -0.5828   -0.582679 0.000623087
          95    -0.58352   -0.582688 0.000616591
          96    -0.57376   -0.582595 0.000617141
          97    -0.58664   -0.582637 0.000612186
          98    -0.57376   -0.582546 0.000612604
          99    -0.58456   -0.582566 0.000606754
         100    -0.57552   -0.582496 0.000604764
