           1    -0.03764    -0.03764           0
           2     0.02712    -0.00526   0.0228961
           3     0.00064 -0.00329333   0.0153483
           4    -0.01516    -0.00626   0.0117945
           5      0.0024   -0.004528  0.00956189
           6    -0.04032  -0.0104933  0.00965128
           7      0.0112 -0.00739429  0.00875596
           8    -0.04332   -0.011885  0.00873749
           9     0.03568     -0.0066  0.00922761
          10    -0.03216   -0.009156  0.00865161
          11      0.0122 -0.00721455     0.00808
          12     0.04968 -0.00247333  0.00868703
          13    -0.03048 -0.00462769  0.00828163
          14     0.02232 -0.00270286  0.00791061
          15     0.04044 0.000173333   0.0078888
          16      0.0068   0.0005875  0.00740661
          17     0.01864  0.00164941  0.00704664
          18    -0.06396 -0.00199556  0.00753916
          19     0.02848-0.000391579  0.00731099
          20    -0.03768   -0.002256  0.00717924
          21    -0.02048 -0.00312381  0.00688962
          22    -0.07208 -0.00625818  0.00725448
          23     0.02024 -0.00510609  0.00702995
          24     0.03704    -0.00335  0.00695292
          25     0.00372  -0.0030672  0.00668055
          26     0.00112 -0.00290615  0.00642555
          27     -0.0154 -0.00336889   0.0062042
          28     0.04024 -0.00181143  0.00617502
          29     0.04448-0.000215172  0.00616495
          30     0.00596-9.33333e-06  0.00596289
          31    -0.07284 -0.00235871  0.00621616
          32     -0.0284  -0.0031725  0.00607494
          33     0.01488 -0.00262545  0.00591543
          34    -0.01608 -0.00302118  0.00575467
          35    -0.00384 -0.00304457   0.0055903
          36     0.01596 -0.00251667  0.00545988
          37     0.01668 -0.00199784  0.00533691
          38     0.02308 -0.00133789  0.00523711
          39     0.02032-0.000782564  0.00513218
          40    -0.02488   -0.001385  0.00503911
          41     0.00132 -0.00131902  0.00491664
          42    -0.01056 -0.00153905  0.00480449
          43     0.02572-0.000905116   0.0047344
          44     0.07788 0.000885455  0.00495384
          45     0.04988  0.00197422  0.00496196
          46     0.04908  0.00299826  0.00495864
          47     -0.0228  0.00244936  0.00488342
          48     0.00412  0.00248417   0.0047818
          49      0.0444  0.00333959  0.00476012
          50    -0.00248   0.0032232  0.00466634
          51       0.004  0.00323843  0.00457486
          52     0.01884  0.00353846  0.00449671
          53    -0.01624  0.00316528  0.00442733
          54     0.02216  0.00351704  0.00435929
          55    -0.01672  0.00314909  0.00429553
          56      0.0194  0.00343929  0.00422862
          57    -0.00076  0.00336561  0.00415507
          58     -0.0256  0.00286621  0.00411334
          59     0.00252  0.00286034  0.00404362
          60    -0.00512  0.00272733  0.00397842
          61     -0.0644  0.00162689  0.00406254
          62      0.0078  0.00172645  0.00399824
          63     0.03444  0.00224571  0.00396835
          64     0.00952  0.00235937  0.00390797
          65    -0.00588  0.00223262   0.0038499
          66      0.0328  0.00269576  0.00381933
          67     0.00788  0.00277313  0.00376311
          68     0.02352  0.00307824  0.00372011
          69    -0.00372  0.00297971   0.0036675
          70    -0.01364  0.00274229  0.00362279
          71     0.01528  0.00291887  0.00357606
          72     0.02116  0.00317222  0.00353536
          73    -0.02608  0.00277151  0.00350957
          74     0.00144  0.00275351  0.00346218
          75     0.02228  0.00301387   0.0034258
          76     0.02624  0.00331947  0.00339433
          77    -0.04212  0.00272935  0.00340115
          78     0.05012  0.00333692  0.00341139
          79     0.07568  0.00425266  0.00348895
          80    -0.00744   0.0041065   0.0034484
          81      0.0302  0.00442864  0.00342084
          82     0.01076  0.00450585  0.00337999
          83     0.00536  0.00451614  0.00333928
          84    -0.02428  0.00417333  0.00331708
          85    -0.03084  0.00376141  0.00330353
          86    -0.01144  0.00358465  0.00326984
          87    -0.03436  0.00314851  0.00326122
          88    -0.02544  0.00282364   0.0032403
          89     -0.0194  0.00257393   0.0032135
          90    -0.03348  0.00217333  0.00320267
          91     0.04676   0.0026633  0.00320473
          92    -0.04468   0.0021487  0.00321095
          93      0.0652  0.00282667  0.00324721
          94    -0.01628   0.0026234  0.00321902
          95     0.00912  0.00269179  0.00318586
          96    -0.00924   0.0025675   0.0031551
          97    -0.03564  0.00217361  0.00314706
          98       0.006  0.00221265  0.00311519
          99     0.04356   0.0026303   0.0031116
         100    -0.02228   0.0023812  0.00309043
