           1     2.97038     2.97038           0
           2     2.88799     2.92919   0.0291296
           3     2.57109     2.80982   0.0993763
           4     2.39152     2.70525    0.117291
           5     2.62624     2.68944   0.0948912
           6     2.50526     2.65875   0.0838946
           7     2.75029     2.67182   0.0729218
           8     2.09475     2.59969   0.0928668
           9     2.09364     2.54346   0.0981047
          10       2.389     2.52802    0.089502
          11     2.73957     2.54725   0.0834062
          12     2.89991     2.57664    0.081469
          13     2.51103     2.57159   0.0753583
          14     2.42293     2.56097   0.0707198
          15     2.41699     2.55137   0.0666533
          16     2.48533     2.54724   0.0626152
          17     2.77877     2.56086   0.0603949
          18     2.89941     2.57967   0.0598967
          19     2.04735     2.55166   0.0629567
          20     2.25555     2.53685    0.061525
          21     2.15754     2.51879   0.0611892
          22     2.61646     2.52323   0.0585687
          23      3.0705     2.54702   0.0606635
          24     2.66633     2.55199   0.0583391
          25     2.21179     2.53838   0.0575708
          26     2.38037     2.53231   0.0556764
          27     2.53648     2.53246   0.0536146
          28      2.9555     2.54757   0.0537864
          29     3.09928     2.56659   0.0551938
          30     2.09893     2.55101   0.0555117
          31     2.68926     2.55547   0.0538999
          32     2.49311     2.55352   0.0522507
          33     2.51616     2.55239   0.0506797
          34     2.55477     2.55246   0.0491891
          35     2.98592     2.56484   0.0493182
          36       2.372     2.55948   0.0482383
          37     2.64656     2.56184   0.0469919
          38     2.98725     2.57303   0.0470699
          39     2.62271     2.57431   0.0458802
          40     2.70762     2.57764   0.0448541
          41     2.94053     2.58649   0.0446248
          42     2.58208     2.58638   0.0435625
          43     2.25135     2.57859   0.0432406
          44      2.7396     2.58225   0.0424124
          45     2.80333     2.58717   0.0417534
          46     2.59223     2.58728   0.0408459
          47     2.63711     2.58834   0.0399906
          48     2.11429     2.57846   0.0403585
          49     2.33715     2.57353   0.0398342
          50     2.79317     2.57793    0.039279
          51     3.02165     2.58663   0.0394606
          52     2.96976       2.594   0.0393836
          53     3.19285      2.6053   0.0402287
          54     2.69887     2.60703   0.0395211
          55     2.17418     2.59916   0.0395783
          56     2.05615     2.58946   0.0400417
          57     2.46832     2.58734   0.0393956
          58     2.42943     2.58461   0.0388103
          59     2.20763     2.57822   0.0386749
          60     2.56512     2.57801    0.038031
          61     2.74512     2.58075   0.0375061
          62     2.49979     2.57944   0.0369238
          63      2.5643      2.5792   0.0363385
          64     2.34528     2.57554   0.0359541
          65     2.66181     2.57687   0.0354254
          66     2.81545     2.58049   0.0350726
          67     2.10821     2.57344   0.0352504
          68     2.41898     2.57117   0.0348051
          69     2.49797     2.57011   0.0343168
          70     2.02874     2.56237   0.0346871
          71     2.60448     2.56296   0.0342036
          72     2.24389     2.55853   0.0340145
          73     2.25119     2.55432   0.0338081
          74     2.34645     2.55151   0.0334677
          75     3.42031      2.5631   0.0349688
          76     1.95487     2.55509   0.0354126
          77     2.72792     2.55734   0.0350238
          78     1.98381     2.54999   0.0353382
          79     3.26403     2.55902   0.0360282
          80     2.96821     2.56414   0.0359391
          81     2.44697     2.56269   0.0355245
          82       2.468     2.56154     0.03511
          83     2.50027      2.5608   0.0346948
          84     2.94703      2.5654   0.0345851
          85     2.81807     2.56837   0.0343057
          86     2.49717     2.56754   0.0339168
          87     2.15801     2.56284    0.033852
          88      2.1394     2.55802   0.0338076
          89     2.50213      2.5574   0.0334336
          90     2.57476     2.55759   0.0330626
          91     2.50509     2.55701   0.0327043
          92     2.66733     2.55821   0.0323708
          93     2.14437     2.55376   0.0323272
          94     2.44122     2.55256   0.0320054
          95     2.50144     2.55203   0.0316731
          96     2.51131      2.5516    0.031346
          97      2.1339      2.5473   0.0313172
          98     2.57579     2.54759    0.030999
          99     2.57709     2.54788   0.0306873
         100     2.51269     2.54753   0.0303824
