           1    0.296075    0.296075           0
           2    0.298976    0.297525  0.00102583
           3    0.282503    0.292518  0.00414531
           4     0.25592    0.283368  0.00851185
           5    0.303667    0.287428  0.00771713
           6    0.295729    0.288812  0.00655377
           7    0.306884    0.291393  0.00610489
           8    0.286436    0.290774  0.00537314
           9    0.273703    0.288877  0.00509994
          10    0.296094    0.289599  0.00464073
          11    0.301927    0.290719  0.00435208
          12    0.288147    0.290505  0.00399468
          13    0.282988    0.289927  0.00372902
          14     0.29503    0.290291  0.00348043
          15    0.285867    0.289996  0.00326088
          16     0.27699    0.289183  0.00315677
          17    0.298483     0.28973  0.00301811
          18    0.290769    0.289788  0.00285099
          19    0.288588    0.289725  0.00270164
          20    0.295239    0.290001  0.00258059
          21    0.287143    0.289865  0.00246129
          22    0.301227    0.290381  0.00240298
          23    0.275556    0.289736  0.00238339
          24     0.30705    0.290458  0.00239077
          25    0.295194    0.290647  0.00230263
          26     0.28979    0.290614   0.0022143
          27     0.28127    0.290268  0.00215917
          28    0.320055    0.291332  0.00232942
          29    0.280905    0.290972  0.00227667
          30    0.304651    0.291428  0.00224598
          31    0.309544    0.292013  0.00224826
          32     0.29392    0.292072  0.00217879
          33    0.303138    0.292408  0.00213841
          34    0.289621    0.292326  0.00207709
          35     0.28848    0.292216  0.00202065
          36    0.275033    0.291739  0.00202011
          37    0.287598    0.291627  0.00196861
          38    0.286952    0.291504  0.00192064
          39     0.32357    0.292326  0.00203981
          40    0.264323    0.291626  0.00210552
          41    0.276689    0.291261  0.00208544
          42    0.299064    0.291447  0.00204405
          43    0.269511    0.290937  0.00205919
          44    0.286862    0.290844  0.00201447
          45    0.316932    0.291424  0.00205142
          46    0.302421    0.291663  0.00202071
          47    0.299713    0.291835  0.00198496
          48    0.284473    0.291681  0.00194952
          49    0.309334    0.292041  0.00194274
          50    0.274306    0.291687  0.00193599
          51    0.291128    0.291676  0.00189806
          52    0.289325    0.291631   0.0018621
          53    0.360538    0.292931  0.00223523
          54    0.291428    0.292903  0.00219401
          55    0.273977    0.292559  0.00218094
          56    0.317497    0.293004  0.00218699
          57    0.307302    0.293255  0.00216296
          58    0.303974     0.29344  0.00213355
          59    0.301563    0.293577  0.00210182
          60    0.301202    0.293704  0.00207063
          61    0.312051    0.294005  0.00205841
          62    0.306922    0.294214  0.00203573
          63    0.294998    0.294226  0.00200345
          64    0.306789    0.294422  0.00198174
          65    0.267321    0.294005  0.00199463
          66    0.312929    0.294292  0.00198491
          67    0.276915    0.294033  0.00197216
          68    0.291446    0.293995  0.00194352
          69    0.307969    0.294197  0.00192588
          70    0.300085    0.294281   0.0019002
          71     0.28939    0.294212  0.00187469
          72    0.349323    0.294978  0.00199881
          73    0.308969     0.29517   0.0019806
          74      0.2744    0.294889  0.00197362
          75    0.292119    0.294852  0.00194765
          76    0.298034    0.294894  0.00192247
          77    0.283443    0.294745  0.00190325
          78    0.293007    0.294723  0.00187898
          79     0.33488    0.295231  0.00192272
          80    0.278866    0.295027  0.00190954
          81    0.281543     0.29486   0.0018932
          82    0.290276    0.294804  0.00187094
          83    0.304046    0.294916  0.00185171
          84    0.292561    0.294888  0.00182988
          85    0.299242    0.294939  0.00180907
          86    0.300725    0.295006  0.00178928
          87    0.294677    0.295002  0.00176872
          88    0.275347    0.294779  0.00176267
          89    0.290837    0.294735  0.00174342
          90    0.306683    0.294867   0.0017291
          91    0.300588     0.29493  0.00171124
          92     0.27641    0.294729  0.00170444
          93    0.294402    0.294725  0.00168611
          94    0.275168    0.294517  0.00168096
          95     0.28808     0.29445  0.00166463
          96    0.300432    0.294512  0.00164846
          97    0.318167    0.294756   0.0016494
          98    0.282512    0.294631   0.0016373
          99    0.293227    0.294617  0.00162082
         100    0.314078    0.294811  0.00161625
