1.18396
1.1295
1.03966
0.920249
0.780316
0.63232
0.491479
0.373562
0.29149
0.252025
0.254104
0.28987
0.347632
0.415102
0.481668
0.539452
0.583488
0.611501
0.623532
0.62157
0.609216
0.591253
0.573033
0.559524
0.55428
0.558677
0.571789
0.591034
0.613083
0.634698
0.653214
0.666714
0.674016
0.674617
0.668557
0.656458
0.63951
0.619381
0.597978
0.577199
0.558684
0.543785
0.533639
0.529191
0.531118
0.539621
0.554153
0.573352
0.595261
0.617673
0.638593
0.656496
0.670423
0.679916
0.684918
0.685644
0.682567
0.676372
0.667871
0.657991
0.647713
0.637981
0.629451
0.622276
0.616184
0.610848
0.606355
0.603246
0.602094
0.602824
0.604462
0.605422
0.604091
0.599339
0.590751
0.578797
0.564876
0.55109
0.539704
0.532522
0.530448
0.533569
0.541472
0.553562
0.569229
0.587887
0.609012
0.632096
0.656404
0.680673
0.702981
0.720896
0.732067
0.734813
0.728481
0.713423
0.690721
0.662003
0.629294
0.594974
0.992368
0.926795
0.854966
0.786421
0.731005
0.696182
0.684772
0.694366
0.718883
0.751149
0.784954
0.815977
0.841775
0.861156
0.873603
0.878977
0.877381
0.869375
0.856362
0.841287
0.82878
0.823967
0.830104
0.846762
0.870223
0.89553
0.918409
0.936071
0.947063
0.95086
0.947429
0.937055
0.920239
0.89769
0.870613
0.840791
0.810478
0.782094
0.758157
0.741328
0.734102
0.737989
0.75267
0.775653
0.802542
0.827893
0.84655
0.855008
0.852452
0.840797
0.823766
0.805769
0.790879
0.782175
0.781504
0.789399
0.805165
0.827035
0.852448
0.878435
0.902059
0.920818
0.93284
0.937234
0.934418
0.926098
0.914724
0.90247
0.890127
0.876948
0.861683
0.844206
0.826213
0.810281
0.798307
0.790702
0.786952
0.786428
0.788639
0.792847
0.797948
0.803095
0.808778
0.817288
0.830918
0.849165
0.868839
0.886961
0.90234
0.914914
0.924519
0.930034
0.929204
0.919493
0.900167
0.874554
0.850208
0.835008
0.831553
0.836313
0.843828
0.851922
0.859891
0.867975
0.875282
0.879458
0.877586
0.867443
0.848681
0.82339
0.795794
0.771139
0.754025
0.746941
0.749551
0.759369
0.773144
0.788181
0.802772
0.816081
0.827814
0.838156
0.847724
0.857316
0.867605
0.878792
0.890421
0.901311
0.90977
0.914078
0.912978
0.906055
0.893955
0.878331
0.861564
0.846208
0.834313
0.826793
0.823259
0.822151
0.821271
0.81861
0.812989
0.804379
0.793864
0.783352
0.77538
0.772936
0.778581
0.793108
0.814764
0.839896
0.864426
0.885007
0.89935
0.90629
0.90589
0.899655
0.890523
0.882232
0.878031
0.879403
0.885537
0.893726
0.900527
0.902841
0.898413
0.886
0.865515
0.838246
0.807071
0.776006
0.749114
0.729426
0.718332
0.7157
0.720358
0.730879
0.746415
0.766872
0.79222
0.821326
0.851436
0.878905
0.900554
0.91475
0.921571
0.922287
0.918838
0.913546
0.908823
0.906538
0.907086
0.908842
0.909106
0.905921
0.899631
0.892525
0.886864
0.882875
0.879173
0.871681
0.858175
0.837131
0.809263
0.778269
0.75056
0.733292
0.731561
0.746395
0.775039
0.812544
0.853289
0.891916
0.92386
0.945676
0.955099
0.951035
0.933675
0.904945
0.868741
0.830871
0.79796
0.775591
0.766369
0.769085
0.779667
0.793288
0.806322
0.817342
0.82682
0.836204
0.846533
0.857619
0.867922
0.875488
0.879326
0.880159
0.879826
0.879759
0.87986
0.878663
0.87424
0.865159
0.851196
0.833922
0.817017
0.805658
0.804666
0.816097
0.838229
0.866216
0.893965
0.916159
0.929802
0.934622
0.932263
0.924567
0.912057
0.893773
0.868513
0.836547
0.800722
0.766234
0.739041
0.723649
0.721694
0.732127
0.752313
0.779128
0.809541
0.840801
0.870114
0.894384
0.910382
0.915546
0.908769
0.89078
0.864085
0.832758
0.802228
0.778476
0.76651
0.768771
0.784542
0.810668
0.84259
0.875274
0.90415
0.926005
0.939538
0.945292
0.944907
0.94029
0.932831
0.92299
0.910457
0.894708
0.875854
0.855124
