-0.0501496
-0.110015
-0.209867
-0.343255
-0.499982
-0.665906
-0.823654
-0.956978
-1.05019
-1.09557
-1.09425
-1.05457
-0.990559
-0.914869
-0.840174
-0.774881
-0.725086
-0.69312
-0.679016
-0.680763
-0.694119
-0.71455
-0.735146
-0.750766
-0.757261
-0.752913
-0.738687
-0.717199
-0.692593
-0.668201
-0.647211
-0.631888
-0.623425
-0.622497
-0.628668
-0.641832
-0.660505
-0.68315
-0.707138
-0.730898
-0.751842
-0.768844
-0.780375
-0.785447
-0.783284
-0.773877
-0.757814
-0.736352
-0.711842
-0.686928
-0.663383
-0.643105
-0.627439
-0.616914
-0.611121
-0.610395
-0.613969
-0.620999
-0.630253
-0.641173
-0.652741
-0.663807
-0.673212
-0.681331
-0.688137
-0.694327
-0.699343
-0.702987
-0.703956
-0.702947
-0.701108
-0.699968
-0.701676
-0.706557
-0.715997
-0.729424
-0.744889
-0.760126
-0.773229
-0.781248
-0.783941
-0.780698
-0.771976
-0.758438
-0.741097
-0.720449
-0.696767
-0.670939
-0.643617
-0.616439
-0.591788
-0.571257
-0.558721
-0.555537
-0.562484
-0.578793
-0.604157
-0.636116
-0.672486
-0.710686
-0.0944407
-0.16759
-0.248024
-0.325469
-0.388398
-0.428276
-0.441969
-0.431935
-0.404523
-0.368702
-0.330628
-0.295563
-0.266638
-0.244418
-0.23007
-0.223678
-0.225058
-0.233279
-0.247699
-0.264666
-0.279104
-0.284731
-0.278496
-0.26017
-0.234255
-0.205597
-0.179537
-0.159759
-0.147208
-0.14234
-0.146339
-0.157272
-0.175637
-0.201215
-0.231136
-0.264707
-0.298921
-0.331299
-0.357721
-0.376894
-0.385584
-0.381474
-0.365406
-0.339619
-0.309489
-0.28088
-0.25931
-0.249377
-0.251946
-0.265271
-0.283914
-0.304536
-0.321474
-0.331948
-0.332942
-0.324617
-0.307065
-0.282965
-0.25461
-0.225011
-0.19821
-0.176719
-0.162835
-0.157686
-0.160935
-0.170218
-0.18303
-0.196729
-0.210766
-0.225533
-0.242129
-0.261004
-0.281359
-0.29957
-0.313287
-0.32208
-0.326349
-0.32705
-0.324167
-0.319323
-0.31392
-0.308292
-0.302281
-0.292789
-0.277821
-0.257491
-0.235664
-0.214779
-0.197532
-0.183201
-0.172593
-0.166033
-0.166996
-0.17723
-0.198406
-0.227201
-0.254655
-0.272196
-0.276479
-0.271157
-0.263219
-0.254022
-0.245141
-0.236366
-0.227914
-0.223201
-0.224702
-0.235539
-0.256107
-0.284633
-0.315536
-0.343405
-0.36317
-0.371041
-0.368427
-0.357342
-0.342095
-0.324941
-0.308569
-0.293539
-0.280686
-0.268848
-0.258071
-0.247539
-0.23624
-0.223441
-0.210759
-0.198691
-0.189209
-0.184582
-0.185358
-0.192936
-0.206219
-0.223873
-0.242583
-0.259959
-0.273578
-0.282122
-0.285817
-0.286543
-0.287174
-0.29007
-0.296195
-0.305946
-0.317658
-0.329614
-0.338575
-0.341996
-0.336465
-0.320274
-0.29603
-0.26772
-0.24035
-0.2174
-0.200999
-0.192664
-0.192779
-0.199708
-0.209947
-0.219381
-0.224304
-0.223292
-0.21628
-0.207398
-0.199545
-0.196722
-0.2015
-0.215074
-0.237511
-0.267659
-0.302177
-0.336973
-0.366968
-0.389992
-0.402639
-0.40606
-0.4009
-0.389585
-0.37237
-0.35003
-0.321602
-0.289275
-0.255609
-0.224454
-0.200079
-0.184226
-0.176377
-0.174894
-0.178908
-0.184922
-0.190544
-0.193146
-0.192291
-0.190307
-0.189741
-0.193429
-0.200428
-0.208204
-0.214647
-0.218521
-0.222751
-0.231077
-0.246166
-0.269556
-0.300625
-0.335413
-0.366941
-0.386561
-0.388734
-0.372711
-0.341154
-0.29926
-0.253754
-0.209877
-0.173693
-0.148473
-0.13754
-0.141682
-0.160659
-0.192459
-0.232694
-0.275127
-0.312951
-0.338346
-0.349373
-0.346694
-0.334903
-0.320012
-0.305041
-0.292407
-0.282199
-0.271827
-0.260086
-0.247618
-0.235472
-0.226666
-0.222536
-0.221197
-0.221889
-0.221821
-0.222094
-0.223756
-0.228496
-0.238443
-0.253745
-0.27271
-0.291925
-0.305021
-0.306753
-0.29467
-0.269845
-0.238456
-0.207272
-0.182098
-0.166569
-0.160439
-0.162784
-0.171668
-0.184821
-0.205064
-0.233211
-0.269286
-0.309458
-0.348432
-0.379161
-0.397052
-0.399182
-0.38778
-0.365212
-0.335634
-0.301741
-0.266873
-0.233842
-0.20612
-0.188158
-0.181504
-0.188602
-0.208784
-0.238806
-0.273899
-0.308721
-0.335649
-0.349622
-0.347453
-0.330327
-0.301075
-0.265196
-0.228274
-0.19565
-0.171166
-0.155873
-0.149382
-0.149543
-0.154612
-0.163074
-0.173972
-0.187797
-0.205228
-0.22626
-0.249553
